0.15498057380324326	0.0005287996198435341	0.00016098891584350692
0.1841339978934684	5.6068638188855324e-05	0.00016105911846613465
0.21328578887323602	0.0002855024078770585	0.00016129740192526255
0.24246741406568617	-1.979913883576323e-05	0.00016106559079265745
1.0819580376954718	0.0003672334359442475	0.00016103721285616268
1.1111750041022788	0.0001441147736166437	0.00016089991233168556
1.1405281257334536	0.00027454562818163275	0.00016107567650166743
1.1698735526233577	0.0002850322631147151	0.00016109074771635041
1.9794963895595856	6.0559790330261265e-05	0.00016095203496659192
2.0090215569684915	0.0001021161911775037	0.0001610656686377512
2.038464832114869	0.00023544904254657606	0.00016129262177108983
2.0679143797365214	-8.987539791172061e-06	0.00016107179970748937
2.9067985620274612	0.0001417680424716794	0.00016101561855329824
2.9361826952153933	0.00019063411930453356	0.00016090369783570226
2.966047033465202	0.00015412230280353878	0.00016106449595311767
2.995595191916891	0.0002177652745756209	0.0001610818543878299
3.8044792212434686	-5.54424694791944e-05	0.00016094010652176972
3.8341412815404965	0.00022783877118282003	0.00016108001344647787
3.8639713446157202	0.0005094705369228514	0.000161321933650615
3.8935643817189884	8.318749392943747e-05	0.00016107319497220426
4.73177375464104	0.000379972702276854	0.00016103653122188688
4.761895243239451	0.0002587068026691508	0.00016090821537453364
4.791779319871694	0.0004470760674060159	0.00016108991702796545
4.821440243973029	-6.62664079708053e-05	0.00016107039255208828
5.62956360504478	0.00017423613829592455	0.00016096163787302016
5.659542633218507	0.0002951650992210064	0.00016108605859731096
5.689690075542785	0.00014699846042609543	0.00016129889879800386
5.719604375467952	0.00038805353556181643	0.0001610996439934683
6.557435049693481	2.4097115468024732e-05	0.00016100498203456808
6.587537621020147	0.00046134094701710815	0.00016091876971934734
6.617818972710211	0.00046536391981533143	0.0001610858368157673
6.647914433810001	-0.00013057956914697133	0.00016104205829617203
7.455064763363225	-3.575852335968577e-05	0.000160948296532641
7.485331305953196	0.0005506088469628967	0.00016110790474837703
7.515811750163266	-6.804769271739897e-05	0.00016130091795042947
7.54603002488011	-9.365585055376435e-05	0.00016106147885808678
8.383185227590843	0.00013642977278205404	0.00016101149256235602
8.41359276110893	0.0003429816664601848	0.00016090281213438908
8.44420759633931	0.0003815586991837705	0.00016107924430799742
8.47451801000443	0.0002476886943865164	0.00016106901175173168
9.280965014057415	0.0002999582823743907	0.00016097103979409823
9.31146014114006	1.8755636060796554e-05	0.00016106479509810342
9.342074477139931	0.0003004852149667281	0.0001613209987146239
9.372712443944238	7.530084034035323e-05	0.00016106192201880229
10.209321273558203	-0.00013085807594359622	0.0001609830662354862
10.240101701542244	0.0006380234406460072	0.00016092587676288307
10.270758612377449	0.00030191118312128395	0.00016106653831207432
10.30137178186942	0.00017533273908676428	0.0001610571622841429
11.10710800256777	0.00011703698941356588	0.0001609589831724196
11.137954802167087	0.00016733323002093847	0.00016107410864520908
11.168803057043078	0.0003415194738179972	0.00016131991678516205
11.199553006001224	2.8513375224137327e-05	0.00016104651890274779
12.035799958455527	0.0003842067742185762	0.00016101660032709933
12.066881309488053	0.00046734707949114274	0.00016091662943610907
12.097689718749734	0.0004526470591001974	0.00016107522148141968
12.128409383383769	0.0001869607687382535	0.00016105823895638002
12.933810421193016	0.00017797319966272873	0.000160951022257265
12.964724071873434	0.00023750091083085678	0.0001610814333707871
12.995792274670066	0.00011507247374309415	0.00016129853220465812
13.026819951035122	8.341784424026333e-05	0.000161047449211595
13.862466661187	0.00028542165511769024	0.00016100612378205218
13.893884886704427	0.0004743293693829642	0.00016091573778850908
13.92501337210797	0.0004944545444198756	0.00016107350180358696
13.95602093549951	0.0003332741530757133	0.00016106950062293884
14.760540066522196	-0.0002680038717747246	0.00016091547790756153
14.79178938400787	6.508917559755467e-05	0.0001610654632850236
14.82306522178169	0.00035636451775311606	0.00016131943578464472
14.8543728312834	3.78739333959377e-05	0.0001610452935657369
15.690002606912458	0.0003674999554695857	0.00016099187037380244
15.721264290659974	0.00016913214364011608	0.00016087401413786333
15.752585502127204	-0.00020074758456756214	0.00016100306472618877
15.783955367106955	0.0001124038266322458	0.00016104154634794725
16.587756156030707	0.00017795429702438526	0.00016094003229422994
16.619262172969	6.513811316199991e-05	0.00016105187516457829
16.650915241121993	0.0003978119956904447	0.00016131666130114237
16.682314438415233	-8.761073916985218e-05	0.00016102555679970232
17.517335654705676	0.0002423400844081547	0.00016097997302537133
17.548892716612045	0.0003971113276839411	0.00016088054938882772
17.580596100001912	-0.00022131214301190916	0.000160995841788146
17.61203043589512	0.00024243132615064944	0.00016104664369568793
18.41525170948114	0.0004328801583408648	0.00016096025045011966
18.44717890117522	2.9487977679987232e-05	0.0001610490283858553
18.478795743404817	2.206399964721495e-05	0.00016128259670909964
18.510353508191656	0.0004361024377779188	0.00016106248555222127
19.34526268169043	0.0004047896110596083	0.00016099019647608544
19.37698280569839	5.2830205578890954e-05	0.00016084561001408458
19.409023450325094	0.000289457148676453	0.00016103611357644874
19.440274125863198	0.00017550795999632385	0.00016104069680057177
20.24346696472253	0.00032095349311878074	0.0001609479586112727
20.27534259463141	9.357510663976498e-05	0.00016105131678958217
20.30726830730373	0.0004764414173233922	0.0001613297532150231
20.338830368334584	3.332479031548097e-05	0.00016102967693757542
21.173433606988965	0.0002024510604308194	0.00016097186761812878
21.205440713833013	0.00028638157524962793	0.00016085975869754244
21.237288672308296	0.0003634038484627844	0.00016104284997486395
21.269098970693904	0.0003652038129562385	0.0001610582423862048
22.071668119194214	-5.92683952599371e-05	0.00016092210758271206
22.103777983386863	0.00024288298350594317	0.00016106008764957223
22.13575624713053	0.0002963688474709736	0.00016133014484598812
22.16775117588486	0.00012539166084479803	0.00016103688072236546
23.00212160356034	-9.887121269769317e-05	0.0001609491936601427
23.034051871691872	0.0008116365315233853	0.00016090339852910764
23.066257036008665	0.00036180802264573764	0.0001610495315703904
23.098098328840933	0.0005291583332949212	0.00016107530568750097
23.900386859711887	3.07835405403134e-05	0.00016092881224617214
23.932613823812744	7.584742840849312e-05	0.00016104549618666084
23.964631155611414	0.00033752431232636493	0.00016134337431547094
23.99678271029279	0.0002451701834356168	0.0001610469574751288
24.830988798513204	-8.496986562001041e-05	0.00016094030080726922
24.862999946245964	0.0006018284059768897	0.000160881415144547
24.89547720822884	8.282094681655305e-05	0.00016102015883718304
24.927456467034517	8.127110695743678e-05	0.00016103227215278037
25.729396484662914	0.000339682231339955	0.00016095702392148807
25.761768931626193	0.0005343466016937137	0.00016108048968822603
25.79395218573768	0.0003700433218227772	0.00016135628715917497
25.826197278084692	0.00028679220783423	0.00016105262488453823
26.66017634898003	9.849730713107352e-05	0.00016094872053318157
26.692534058520323	0.0004143952503000703	0.0001608646410054934
26.724930061523082	0.00010607611815216522	0.00016102160918630325
26.75716716231318	4.395400242762637e-05	0.00016103040909311317
27.5586201758461	-0.00012351827972589824	0.0001609181885890147
27.591210780292386	0.0002655790182132245	0.00016105080471049828
27.623618268645487	0.0005680909380701982	0.00016137574700975002
27.655912011497094	-0.00014783811025154137	0.00016101618146967703
28.489667836740068	0.00023821478535535068	0.0001609462769652696
28.5222362240213	0.00046846815470158454	0.0001608598351472536
28.554623130496566	-0.00014094583195822796	0.00016101080903732146
28.586881463316786	0.0002430713937435769	0.0001610517477082088
29.421145087467266	0.00014007961545448033	0.00016102421595460802
29.453420417157986	0.0003334856744356962	0.000161336221139496
29.48586958506212	-8.047914901587738e-05	0.00016104326359220783
30.31986573907625	-6.133640569694343e-05	0.00016091745995585555
30.35233320497173	0.000390702252009989	0.00016085511280691738
30.384615237568596	0.00021355450090054795	0.00016103531110780105
30.41709568328588	0.0003499675583571449	0.00016105765302627692
31.218370520599592	0.00022100060908791797	0.00016093679542909803
31.251124591654616	0.00019065157496878093	0.00016104303764098062
31.283668043340413	0.00012697396328487098	0.0001613656356775957
31.31605604244578	0.00014059623888118544	0.00016103690988284044
32.14985805807987	0.0004062868038893219	0.00016095961737626897
32.182533208500445	0.00024945790664532286	0.00016084877362246524
32.21505674618811	9.243307897910391e-05	0.0001610177344300992
32.24729284507066	0.000218440794951702	0.0001610415012401252
33.0488004040007	0.0002238985841729324	0.00016093142101669493
33.08151802879274	5.6734320240781067e-05	0.00016103701764777107
33.11410308913878	0.0001567671715468899	0.00016137877003016582
33.14673930830668	0.00026412838005285266	0.00016104575162672436
33.98045867861708	4.2631465161369064e-05	0.0001609272490194664
34.01314584940974	0.00012187383547257458	0.0001608351801045537
34.04576737157822	0.00027880250431033815	0.00016103383275739108
34.077938702567735	0.0003900710013240438	0.00016105527425223608
34.87936223335964	0.0006658149116416379	0.00016096384408977756
34.912146612175775	9.101631111507746e-05	0.00016103902231931662
34.94495695814089	0.00015296437427347875	0.0001613966983103708
34.977405297877795	7.04730957746813e-05	0.0001610296043810375
35.81125256385303	0.00014131783138615628	0.0001609341889436143
35.84408145028078	0.0002907242108295405	0.00016085064781997302
35.87664410676143	0.00025467529782519094	0.0001610305513560936
35.90908617555806	0.00023079105394674393	0.00016104489701580923
36.71058123758132	0.0003302488953564886	0.00016093545910449055
36.743237066259326	0.00029087960119400513	0.0001610565310872199
36.77590653122434	0.0003782000131369312	0.0001614322344992298
36.80849540997315	7.61512587794666e-05	0.0001610319272990681
37.642692652444794	0.00015118807497227493	0.00016093317038787933
37.675319508487064	0.0005568754611093851	0.00016087217946213913
37.70761857261732	0.0003284397040963505	0.00016103829089860063
37.740240077711405	0.00031635507637628457	0.00016106154996124795
38.541847139415324	0.0002649798203293585	0.00016093217301956894
38.574376963793156	0.00026659970445508385	0.0001610500635162922
38.60704287565045	0.0003674917248027709	0.00016145111818905109
38.63967428437081	0.0003923720776826123	0.00016106165187488255
39.473783355824935	4.6309096437768815e-05	0.0001609227682420748
39.50666826300562	0.0003404023286119884	0.00016085311892384186
39.539210714632645	0.00013805543747646976	0.0001610236426789242
39.571455405003235	0.0004403779997206314	0.00016110237179021267
40.37323841105314	0.00022307197492210662	0.00016092987239885983
40.40597378374764	0.0002062797580238973	0.00016104431295167163
40.43871816000956	0.0005265714234569119	0.0001614827995819793
40.47111456662833	0.00033318408540727873	0.00016106616789239922
41.305623490995345	0.00037751174263633835	0.00016094586714907917
41.338223211113245	0.00042757873600263174	0.0001608602508858195
41.37080950075915	-0.00023466851289133395	0.00016099571041457516
41.40305448232448	0.0004046535756898617	0.0001611921721389832
42.205025472430066	0.00044846769738549064	0.00016094582595995834
42.23775902773173	-8.259714633074289e-05	0.00016102841897225732
42.27046230237056	0.00011521343133302775	0.00016145763999510685
42.3027357331207	0.00017180997961285804	0.00016107283642560625
43.137461871445225	-0.00013816980971392834	0.00016091357429723636
43.17014206296585	0.00013856043243387628	0.00016084766373287242
43.20267126634508	-4.406349307095603e-06	0.00016102930063729724
43.23477571582862	0.00019936159241895623	0.00016108126758889444
44.03721454370253	0.00033463281533041567	0.00016093893822069543
44.069775968867134	0.00019537181461715125	0.00016104520358364234
44.10229699166848	0.00025537557531130073	0.00016149425256454982
44.13474244384497	0.00035827136900357104	0.0001611968579835306
44.96973160780851	-6.691243276124581e-06	0.00016091473060793283
45.00205893105317	0.00016304156707946937	0.00016084335598086632
45.03449752030383	4.402032376671361e-05	0.00016104524281267108
45.06667922077122	0.0002758185035796057	0.00016108434538435458
45.86947731486788	0.0003976092254605046	0.00016094365702468984
45.90193779980132	0.00012200607946744046	0.00016103698397629867
45.93435698176086	0.00028563372136758414	0.0001615217665220714
45.96675461795894	0.00037031545284182954	0.0001610960144422406
46.801816477544776	5.1254015206780856e-05	0.00016091565126463188
46.834321603913395	0.0007499956597125657	0.00016088934367702417
46.86669921061639	7.812144199947912e-05	0.0001611522403576041
46.89886434521668	0.00027168999079330014	0.00016108383574693928
47.7018893887456	0.00030912172968622365	0.00016093621045612
47.734340161323644	0.00035260002493719966	0.00016105653615684337
47.76683900092212	0.00010431018600542963	0.0001615432125054692
47.79908865903826	0.0005900551529511855	0.0001611121617109054
48.634501114970476	0.0002408228740204965	0.0001609279861329523
48.66683474021306	0.00031595977612974835	0.00016085964184327152
48.699151103351596	0.0002035294383593289	0.00016106506120348965
48.73113134972709	0.00046767690047566646	0.00016109939728478777
49.53461435185642	0.00013558761485410464	0.00016092781349125412
49.56688734153818	9.383533949280931e-05	0.0001610475802030455
49.59954017044197	0.00038682945526069545	0.0001616899672522723
49.63119102356404	-2.082537063863299e-05	0.00016106954641924114
50.46709673072826	0.0005165546517962305	0.00016095208219528236
50.49958266953831	0.00033367889826863006	0.00016087945774174149
50.53164136822852	0.00010542641338773251	0.0001610536253700434
50.56339338369389	0.0003541725230451487	0.00016109179160508905
51.36751518383119	0.0004806201424683021	0.00016094961938339803
51.3998631960817	0.00020005695316871464	0.00016105809397268416
51.4319416329929	0.0002605448831207724	0.0001616092850033802
51.4637910479355	-5.519314759927507e-05	0.00016106753649694987
52.30022776756391	0.00037404149597852765	0.00016094501265058334
52.332008509883735	0.0005290135851762079	0.0001609768826811568
52.36404571992989	0.00015240892625878466	0.00016106333275200968
52.39578110201546	0.0003759811847954264	0.0001610906792348351
53.20062811781685	0.00044200496749136065	0.00016094897249989683
53.232692726084	0.0002448516505234588	0.00016106734212081855
53.26455280545429	0.00013733409428573484	0.00016162413544192292
53.29622867092985	0.00023612938279171658	0.0001610879484429166
54.133105763763865	9.208359852708181e-05	0.00016092374022953884
54.16510030166614	0.00031602559209065184	0.0001608872011640845
54.19692403530007	8.202753225328152e-05	0.00016106194309622402
54.22847749181983	0.00011295524931831391	0.0001610721936174337
55.03377343182996	0.00018020549636077465	0.00016093531879289363
55.06576102878057	3.4073731493444726e-05	0.00016111923233691502
55.097437798509645	0.00040266696361834775	0.00016167912125285646
55.12919128238491	0.0001413102462591853	0.00016108304683650043
55.96611478521265	0.0002059351019851885	0.0001609423669807636
55.99801282048156	0.00030816811676970257	0.00016088014920743576
56.02990131958995	1.335093342680338e-05	0.00016105490663288486
56.06100229735512	0.00014081857151926336	0.00016107357662832521
56.86691268226207	0.0002671614898304142	0.00016095041098070163
56.89877008216581	0.00022956939199159088	0.00016107431200043174
56.93042774146352	3.125893519673184e-05	0.0001616837500740836
56.96175680059969	0.0002721191369012832	0.00016109349592007024
57.79955875622409	0.00048727645048574075	0.0001610201924845821
57.8312238732251	0.0004541698988569376	0.00016089924277479876
57.86245452593903	0.0002652440088191099	0.00016107636983940169
57.89365241701944	0.00019956666578435645	0.00016107380572283786
58.70037528379055	0.00039388044777588505	0.00016097052717495267
58.73204582510948	0.00016043146662969576	0.00016106351933683612
58.76331939088027	0.00011524886754754604	0.00016173745697416875
58.794499939936486	0.0002612308353591164	0.00016109353617245923
59.63285582328831	0.0003257482556965341	0.00016095442396521953
59.66411935647102	0.000505448742657677	0.00016090724017860428
59.69527713738853	0.00036657681385987573	0.00016108058157204703
59.72636103153445	2.0521518336091837e-05	0.00016105741351954577
60.53382170488783	0.0004217097660712543	0.00016100323865397465
60.565151119484426	2.84846387876847e-06	0.00016104273959851616
60.596218243400244	0.0004376595462014521	0.0001617928458614956
60.627228184853266	0.0004563985739494125	0.00016110983710466525
61.46615110655159	0.00023246889667560833	0.00016094206510417841
61.497365565746804	0.00032699063379648674	0.00016090051622132912
61.528163098272216	0.0003890250248492766	0.00016108164480202055
61.559002756187965	0.000206568793251094	0.00016107212132074724
62.36723337393016	0.00027217209535401743	0.00016097037451491753
62.398336152563616	0.00024274148425507125	0.0001610707620453986
62.42932522518572	0.0002793074730889078	0.0001618238200488651
62.46020432943487	0.00037349761583160834	0.00016110230741706253
63.29957063647851	0.00042464435164546455	0.00016095703586708161
63.330336989138914	0.00017630639897958655	0.00016088987837611885
63.36114333504156	7.544159409711426e-05	0.00016105871134115986
63.39161546039395	0.000295117403519507	0.0001610768975340456
64.20067209297474	0.00045547785676414154	0.00016100538334782617
64.2315324515514	0.00023298968714280388	0.0001610679125408499
64.26231164727324	0.0004546516631132036	0.00016188985453501964
64.29276103733855	0.0004266154918917131	0.000161104608864069
65.13288121877952	0.00029449307092088706	0.00016094366550808018
65.16361484028607	0.0005873470925964464	0.00016092379674246762
65.19393492798736	0.00015323220805973925	0.00016106228287875082
65.22421441716233	0.00038834711929625065	0.0001610786674317707
66.03411234420082	0.0006306703442160444	0.0001611126496382179
66.06490205664727	0.000335283266966524	0.000161096465040107
66.09524023758036	0.00038262123928811675	0.00016196889462282733
66.12563532742979	0.0006543043819515759	0.00016113024654542332
66.96626152266106	0.0002834572014257519	0.00016094025069246935
66.99655202615145	0.0006593650793085271	0.00016093043565084617
67.02682148823624	6.57825065099038e-05	0.00016105743095759845
67.05706726236349	0.00022495365104813203	0.0001610785773491876
67.86768127027	0.00045643144802631763	0.00016130537915008466
67.8979136095852	0.0002588501783182817	0.00016108422577870577
67.92820632170606	0.0003492635483873796	0.00016203861427094496
67.9582643443423	1.6684896401941707e-05	0.00016107323262390863
68.79942992596432	0.0003430116314196985	0.0001609459972153446
68.82961687410534	0.0004798920702984155	0.0001609150899766258
68.85946345358934	6.908551996898105e-05	0.00016105934702762004
68.88936187575791	0.00011914105409038811	0.00016106048158995518
69.70083314462772	0.0002227589034948796	0.00016156648043920053
69.73104467727512	0.00022811806870703943	0.00016108391453383981
69.76108972554675	8.545973699858322e-05	0.0001621010679613823
69.79098781563061	0.00033163703038385783	0.00016111931188796176
70.6327279158836	0.00024619704813744203	0.00016093737157067085
70.66248963398448	0.00038834003924825833	0.00016090844899818276
70.692356587434	0.0002027801942361407	0.0001610673413620413
70.72188694177703	5.354636042720351e-05	0.00016128476712756192
71.53426769627924	0.00043036715529509717	0.00016188087168582645
71.56408777325441	0.0002912766678195844	0.00016108642028812625
71.59383769829083	5.077602981173879e-05	0.0001621655216197309
71.62331927802552	0.00025881735084576363	0.00016110742218339362
72.46578041849068	-4.2393915563376794e-05	0.00016091593732510062
72.49523730827559	0.0003745407390288724	0.0001609119316640832
72.52457927944761	9.384818596913647e-06	0.00016106635285167991
72.5540430915712	0.00032172701990007546	0.0001621114308979583
73.36753133742684	0.0002962627387423922	0.00016210766183963663
73.39702345699197	2.403227220459936e-05	0.00016106352028491473
73.42641634381084	0.00044573515216728143	0.00016226628534796606
73.45566523720981	0.0005502220360866783	0.00016134947224163358
74.2985080420242	1.3599600959479652e-05	0.00016090900824961577
74.32790722978166	0.0004101792123386572	0.0001609009382938723
74.3571429404592	0.00018115204352286973	0.00016110018431103896
75.20061973468961	0.0005642170636473987	0.00016235274641892858
75.22982355725048	0.00020507540585879003	0.0001610774125899188
75.25869674498381	0.00020387900425911099	0.00016232764576368103
75.28762490606141	0.0004729205564983907	0.00016204638672123498
76.13143594788221	0.00011076064342363523	0.00016092727509984267
76.16051266364411	0.00040326642955523795	0.00016091401623244238
76.18954117102703	0.000223880871433213	0.00016118837764842028
76.21825860755598	3.8120922408735325e-06	0.00016259593878213699
77.033376691601	0.00029539021922986297	0.00016256949822978254
77.06232598726069	0.00023145871783702976	0.00016108000261316576
77.09103009312685	-1.7955068942754338e-06	0.0001623834506736857
77.11977580961548	0.00044743521890389104	0.00016334394065307256
77.96413306652346	-4.247889078334843e-05	0.00016091766886982243
77.99282716660969	0.0004135409486178965	0.00016092631193355422
78.02150770827848	5.757507429293707e-05	0.00016181399115420585
78.04980045262391	-2.0785307086601534e-05	0.00016259906891120243
78.86616226258832	0.0004846113400757135	0.00016278267091243137
78.89448931271522	0.00036574763425512025	0.0001610928364600484
78.92319166422931	9.51312173962382e-05	0.0001625289705984309
78.95159968794451	0.00011697628161111417	0.00016275123589876828
79.79646957007833	0.00027033084816974196	0.00016094437946326213
79.8249271684117	0.0005249714248678483	0.0001609346029918699
79.853358331035	-9.063233778272561e-05	0.0001630610481998663
79.8816183903973	7.582177566911597e-05	0.00016317842494418625
80.6984604956973	3.643907835471083e-07	0.00016293668434646342
80.72684547749805	0.0001306334814624721	0.00016106620391795348
80.75500763167202	0.0001311778955188636	0.00016313827190301224
80.78320787068151	0.00033924269083285274	0.00016262275533803023
81.62868945964226	0.0001725273252340953	0.00016093562274311743
81.6568018008204	0.0003680100834050348	0.00016095939019663037
81.68471784699614	-0.0001030040964810075	0.00016267857478904438
81.71278283908532	-9.159211545450852e-05	0.00016263100559143177
82.53080429486062	5.1264772209957954e-05	0.00016309122486585212
82.55886417770171	-0.000256457493109874	0.00016103614613433714
82.58672385421278	-7.766569847467153e-06	0.00016439666810383165
82.61446787174236	0.0004470916674557124	0.0001632405795525134
83.46064926401993	-0.00016683072709711144	0.00016091097541586608
83.48855274495781	0.0003377499123133898	0.00016141577328955377
83.51623328748838	0.00033627947633041444	0.00016245260036301467
83.54385894686948	0.0003528796508338594	0.00016155584981965765
84.36274643926424	0.00010929614515575725	0.00016327973972264862
84.39039891106336	0.00017183802511233637	0.000161084857687458
84.41798971624462	0.0002363048947315871	0.00016424234928021441
84.44557294393144	0.0002429844069342657	0.00016280490192935865
85.29232565804216	0.00019921207522477502	0.00016093828479750246
85.3198528431285	0.0004135694837688053	0.00016251650066277459
85.34735193530287	0.00044808782996241803	0.00016308157396301438
85.37462439384353	-0.0002171979067260299	0.0001610701544434293
86.19447781004737	0.00012614977220437584	0.00016342123633242473
86.22192763430053	2.0536183981012535e-05	0.0001614644391749395
86.24915345231898	0.00043319360945692775	0.0001640457131507299
86.27633284285002	0.0002020558146167417	0.00016167517408518164
87.12384737234379	-0.00022575257182855246	0.00016090665803950325
87.1510009765625	0.0004504842015327082	0.0001623349376025667
87.17825147181566	-0.00015089445390481515	0.00016266235749596054
87.20516584642564	0.00033778856636446086	0.0001610761894503156
88.02587048896055	0.00039077412835653025	0.0001635782237658901
88.05296765393882	6.561219542122743e-05	0.0001624583379820965
88.07992334462006	0.00022681330373286457	0.00016473575993974815
88.1067772148167	0.0004338284859997099	0.00016124382521586088
88.95490378753243	-0.00011943634751054866	0.00016124044203408297
88.98166037705141	0.0002524200396063492	0.00016202437894441017
89.0086942896587	0.00010177321790616478	0.00016155814680343683
89.03536616152542	0.0005040148776813691	0.00016109088162383976
89.85697964282951	0.00015440943922007122	0.00016364202621719148
89.88359269119269	3.6768851194302066e-05	0.00016225525456779914
89.91037318560689	-5.518147330851875e-05	0.000164448470590875
89.93697857101051	0.0004527109745739999	0.0001612088748978376
90.78582326819719	-0.00020464655766272433	0.00016211406299395902
90.81219843066424	0.00026726268124976915	0.00016267893022397286
90.83869677165603	0.0004687284944864256	0.00016113604009274405
90.86537122439768	0.0001464839099096782	0.00016106417400862526
91.68774516527782	0.00020055413315878123	0.00016399694511321278
91.71413834921441	-0.0002831291785959644	0.00016200868187810864
91.74044809264933	0.00023820714200839532	0.0001634959365092296
91.76679420807204	0.00014909407401819674	0.0001612015785937234
92.6160362811894	-4.9340041650247635e-05	0.00016182706385262227
92.6421832071428	0.0004194047017318514	0.00016226790775996906
92.66862163067208	7.059987711344196e-05	0.0001610693885865857
92.69464403382563	-0.00014523733750926304	0.00016104582968907955
93.51804303032452	0.00012604271456984062	0.0001648290981482057
93.54402525015917	0.0001421106483364687	0.00016270142064823235
93.57027708914416	0.00015453894070549534	0.00016321026924287556
93.59621787758397	0.00022310741642384002	0.00016124149445145744
94.44606602524902	0.00010107877686083011	0.00016175661892982695
94.47208764506536	0.0003640538543849825	0.0001612619341628987
94.49809323990485	-2.2555485078790127e-05	0.00016106873619177797
94.52410044695353	0.00038986394959450443	0.00016109944873745436
95.3479886871284	-0.0001672375750800814	0.0001643554930537573
95.37388313150063	9.338151405391404e-05	0.00016216151795199327
95.3996314920721	0.0003514254510014192	0.00016338250669212882
95.42542862289474	0.00039428139315789146	0.00016128207857642353
96.27559627183507	0.00010238745459634213	0.0001623440783202408
96.30147660504713	0.00026407466388700396	0.00016094895163024472
96.32705980387118	1.236844978502738e-05	0.0001610757367074795
96.35282672886933	0.00026710009724562056	0.0001610913261917829
97.17758234995267	0.00027619714763882364	0.00016460940185487324
97.20321520324319	0.00028387056207157535	0.0001613581060137303
97.22870885360066	0.0002574609277331552	0.00016357079962572182
97.25415275048226	0.00035561985222076764	0.0001613066042724266
98.10496071628825	-0.00012894751610414978	0.00016161803657320205
98.1302636713101	0.0003009077526654469	0.0001609438673748527
98.15554529398605	-0.00010376110859655618	0.0001610797047164185
98.18126949891439	3.684366349909762e-05	0.00016108411118548603
99.00675614359687	0.0002186054882125088	0.00016498870419490554
99.03201657645968	0.00014767133139337307	0.0001611725731770407
99.05728365695109	0.0002609481854216611	0.00016373442634849195
99.08264448932641	0.000514124536192595	0.00016134382776835054
99.93365130125449	-6.168519605331824e-06	0.00016099647234840857
99.95883825605665	0.00020578080573396829	0.00016093774129912196
99.98402342329518	-3.714453700065512e-05	0.000161082416703202
100.00929237914352	9.527605225412294e-05	0.00016108926324640504
100.83546741657636	0.00037619064998617446	0.0001643053701788833
100.86047775007091	0.00034886182556403966	0.0001611983109818712
100.88546981603145	2.0611632082112585e-05	0.00016385667955455378
100.91061073442143	0.00012279490874034238	0.00016132082243172315
101.76207461680303	-0.00010619700807523724	0.0001609129345920207
101.78695599148477	0.0002340543066442491	0.00016094306255053052
101.81177688795697	0.00020565232649527587	0.0001611026588204871
101.83693990959455	9.31063455889003e-05	0.0001610896054954077
102.6636823605412	8.999412673349472e-05	0.00016402582196708109
102.68848162817403	0.00016289309150185893	0.00016119395129393727
102.71324343354877	-0.0001624010599174941	0.00016394077044288433
102.73812497799827	0.000621699770815276	0.0001613735912373116
103.5897708063984	1.5533402123679707e-05	0.00016092142889547934
103.6146484996109	-0.000149976828338505	0.00016091785636371549
103.63926539938075	0.00014420249850366496	0.00016110448232570574
103.66399599249917	7.747215913544991e-05	0.00016109380051071282
104.49150793733196	0.00011036750552106955	0.00016401100588784188
104.51606897709416	0.0002713707566677215	0.00016121242381428706
104.54051167357488	-3.229365205026369e-06	0.00016400058802097973
104.56512360005854	0.00047917292778953957	0.00016137915414958176
105.41744711533124	6.512088050125708e-05	0.0001609262386086867
105.44179928634708	0.00040948844818922137	0.00016096451284375668
105.46628270027077	0.0003401678063839064	0.00016112029634470933
105.49101895311287	0.00014623112040612618	0.00016109693601122467
106.3189173306194	0.00014250825005668322	0.0001641000001831886
106.34306448689495	0.00037468931359962987	0.00016122923220989927
106.36737588572669	2.5590681198561782e-05	0.00016404147467185038
106.39185126384655	0.00022551649303870214	0.00016136140630799818
107.2442804696991	-0.00014477418466884995	0.0001609006810016538
107.26862981420595	0.0001880687194800723	0.00016094414144319347
107.29281338673763	0.0002689857353148639	0.00016110701472053535
107.31728671467272	0.00014313879851524103	0.000161085136990684
108.1455993292621	0.0003234090407814305	0.0001641947866377028
108.1697212107099	0.00018242305611138043	0.00016121636829975424
108.19389337754478	3.5431597913748725e-05	0.00016406333253967003
108.21814360355211	0.0002609648228375505	0.00016137163774304186
109.07092107604058	0.00017791012415468987	0.00016092098607674502
109.09466952272237	0.00014832290042599006	0.00016094256187559666
109.11881678218742	5.533861859330358e-05	0.00016108679199468927
109.14308315629069	5.933380247513664e-05	0.00016107029718098265
109.9719695762733	-8.956866327958224e-05	0.00016420106496855275
109.99587186106555	0.00014188443472207268	0.00016121165137008577
110.01979697356569	-0.00015677222800747348	0.00016406987119232328
110.04387442145753	0.0001208254951158283	0.00016134486071656853
110.89676590896147	0.00036539342727825996	0.00016093711138975454
110.92059265208127	0.0004641270197762726	0.0001609724775318515
110.94448728677116	4.9684143312744844e-05	0.00016108368431747347
110.96841500129904	-3.946866829152018e-05	0.00016105769934499398
111.79764209347712	2.075921627497923e-05	0.00016423521697675738
111.82140653528336	-0.00016371920608349022	0.00016118643153155283
111.84516709039508	0.0001721921223727385	0.00016409406900987544
111.86917285849268	0.0002123009871979331	0.0001613452638080728
112.72230348000505	8.422553321452142e-08	0.0001608956375303909
112.74582842888299	0.00023846462281096326	0.0001609466174703911
112.76975233743178	-9.289355423314216e-05	0.00016105882785228456
112.79369573356053	0.0001804848274306048	0.00016106991954217118
113.62300562766421	0.00021176423125512933	0.00016430633822750302
113.6466070558447	0.00012635357059254115	0.00016119904285993595
113.67018316861004	0.00016341886002868566	0.00016408443906804835
113.69397092246118	0.0001581923896748494	0.00016134161857860805
114.54720378510319	0.00021749695422002002	0.000160905727194732
114.57077466957662	0.00029992192280448027	0.0001609442988903741
114.59434111810788	-6.737714762117264e-05	0.0001610484042644686
114.61804158508403	0.00015326759647393828	0.0001610609873564891
115.44776580151188	0.00023221872839107593	0.00016434413785009787
115.47130306434178	-0.0001837406542398723	0.0001611679153981159
115.49474756957443	0.00013218386078739375	0.00016402120124047262
115.51832382222028	0.0003036911916072249	0.00016133862716560628
116.37187826850709	0.00036488060710437864	0.00016090274239140146
116.39502481576483	0.00010358561818879508	0.00016091870549042435
116.41859235640868	8.164862424575592e-05	0.00016105418280691353
116.4420467973564	0.0003111257200456574	0.00016107017394868263
117.27207799203245	0.00015273879117583267	0.00016436468041889518
117.2953832056096	0.0002490704024155077	0.00016118820868808118
117.31889810265466	7.426583395842012e-05	0.00016402272569092114
117.3422119936713	0.0007056031084071712	0.00016138483366209466
118.19548227066366	0.0002498402558434032	0.0001608850709020041
118.21883405128119	0.00035106340081159093	0.00016092965190366435
118.24213640330481	0.0002426761334857197	0.0001610608184180163
118.26578388298503	6.458625865868317e-05	0.0001610431892779192
119.09594558590544	0.0002065090299061545	0.0001644842062524491
119.1190827475757	6.965289692295595e-05	0.000161134612520783
119.14233486696844	3.57254711024213e-05	0.0001639611570100753
119.1656897724124	0.0003192504350804093	0.00016129894446552563
120.019089981545	0.00010008850861631391	0.00016082623461293263
120.04216742015683	-0.00015975089520536834	0.00016083142291323192
120.06559250538794	0.00016741742324488662	0.00016101710039323426
120.08881242557163	1.4870218665863355e-05	0.00016100342113892048
120.94219414536292	0.00027756389527844316	0.0001610462168758481
120.96531787574918	6.281054808243702e-05	0.00016402976720635752
120.98855101944673	0.00014233252150508413	0.00016114185850373783
121.84201646595	-0.00032329362713001686	0.0001607649537009435
121.86494578998418	0.0005224891697525047	0.00016084969506996295
121.88835304510849	-0.00011137191271215485	0.00016097231043549892
121.91158850179681	0.0005478342950633319	0.00016102069854730862
122.76480572395735	-5.5109506043926615e-05	0.0001610127460176639
122.78774715212558	0.0003628929104125822	0.00016400064172173597
122.81121330860105	0.00033067889678872753	0.00016114472704432305
123.66429453710646	9.553485797075822e-05	0.00016079290128445965
123.68740553525186	0.0005092093981413637	0.00016085244054357675
123.7106246436897	0.0002917704769767049	0.00016100067185851867
123.73374424071562	6.77439899632315e-06	0.00016097515216053905
124.58678804512238	-0.0004986633274404184	0.00016098512317810716
124.60996250134303	-0.00010603022145816432	0.00016388508427993091
124.63303194305945	0.000543442882608991	0.0001611579783182874
125.48623525087987	0.0001311418111837881	0.00016079156297797278
125.50927053345117	-8.342067187838698e-05	0.00016080049643204004
125.53236930205003	-0.00016551999922809202	0.00016096042147103353
125.55552063055438	0.00040392079191531316	0.00016099799269146683
126.40862675242488	0.0002129608856975551	0.00016102799792461594
126.43151511863789	4.437060025019868e-05	0.00016382344147887576
126.45464277059955	0.0003261405870347289	0.00016113317377949607
127.30787468599772	0.00014715903834650046	0.00016079573371370493
127.33056795353036	0.00010837576490874135	0.00016084300271488174
127.35378876755021	-6.349642791447785e-05	0.00016097256260497213
127.3767882710772	-4.266279344933288e-05	0.00016096850432962499
128.20688070448546	5.186251518218832e-05	0.0001640538537912587
128.2297559705969	-0.00012056994856968206	0.00016104230646683945
128.25265523213307	0.00018585647883662126	0.00016383172590193188
128.27567408090363	0.0002929838293506126	0.00016121089091239492
129.12860349639584	-0.00035235214689877115	0.00016077116560057035
129.15132111377943	0.00048542112840754825	0.00016090743316749857
129.17440625865038	-3.505084696708849e-06	0.00016099096156815067
129.19775996981753	2.9128254050991842e-05	0.00016098455381829814
130.02740983727915	-0.00010192463847669142	0.00016369977408605256
130.05016590497667	3.49147384343107e-05	0.00016103654205059138
130.07343045806306	0.00042768385972269396	0.00016383325387954347
130.09650882701862	0.0002262055644102201	0.00016119230337169725
130.94889178988217	0.00010317973009577042	0.00016080766871012388
130.97197535157852	0.000424416176545761	0.0001609063034406083
130.9949334177977	0.000200999579099026	0.0001610024247944722
131.01820797247592	0.000283580930572791	0.00016100026891013899
131.84745565540197	0.00032925986934406737	0.0001635257044120934
131.8703773939119	-3.781250392809188e-05	0.00016100570081963543
131.8934627623912	0.0004096781343911893	0.00016382564444190675
131.91657686117424	0.00018296250476168563	0.00016115153089216105
132.7688105090515	7.094325818712832e-05	0.00016078538265738957
132.79179338208905	0.0001834248281060713	0.00016087458625333465
132.81498033922298	-0.0001278441779756223	0.00016095414487072446
132.83813894671312	0.00020030332314902033	0.00016097238677950827
133.6670960135429	0.00034976495067162716	0.0001632729064444282
133.69024609584926	-8.086831582043708e-05	0.00016097901013728628
133.7131596762174	0.00015155935535726694	0.00016371329745753333
133.73648083265925	0.00028236954459393004	0.00016111871195092863
134.58853633703052	0.00010049295841874084	0.00016078194637656918
134.61130611982344	0.0003971218687184308	0.00016088863508750936
134.6344186378701	0.00010086149247201526	0.00016095436866253146
134.65762837245074	2.688592348853991e-05	0.0001609443586467627
135.486433024681	0.0003311444206905989	0.00016309583407629372
135.50925731859252	0.0003153472435940552	0.00016099696159156001
135.53244483308572	-3.553641885889469e-05	0.00016370642879762017
135.55551415267473	0.0003460390933700541	0.00016108440235886823
136.3842136972171	-0.0003079652196856797	0.0001608181585740429
136.40736534372695	0.0001830862252145682	0.00016079486433755722
136.43025683217297	0.00016358174155262084	0.00016087797984767899
136.45336501988913	0.00019228583020636236	0.00016092176403118807
136.47659025068106	0.00021109139855224335	0.00016092436438495486
137.30517132927667	0.00011658263093750065	0.00016296991802707545
137.32814648783756	0.00013796237326324512	0.00016098167246589244
137.35126211070292	0.0004147602522028837	0.00016367994304590118
137.37477281996962	0.0003829746566508252	0.00016106138301548193
138.20275619221243	-0.00029341423140361034	0.0001608122668552112
138.22597368448373	-5.4586609855244994e-05	0.00016077552716386228
138.24887074575963	0.00011485009285960857	0.00016087196623965246
138.2721533391591	0.00015711423299769045	0.00016091376945356228
138.29573691966107	0.0002191167973613073	0.00016092117201386025
139.1234045466091	0.00019974532487232466	0.00016284914098603826
139.14660117810786	-0.0001531002165831019	0.0001609518913571508
139.1698576837207	-0.0003067978367876645	0.00016352983176878098
139.1931408415844	0.0001801410538984083	0.00016103136927666652
140.02082185513544	-0.00038501328555440306	0.00016080193457913494
140.04399929752003	1.8425428841339908e-05	0.00016077892927548567
140.06687794360028	0.0005291587808389231	0.00016090257086593022
140.09031695256635	-9.559917939261364e-05	0.0001608909343447432
140.11391436157828	0.00022944010991032826	0.0001609190692325708
140.94128313327997	0.0003729997803639806	0.00016275858669969758
140.9644168140619	-7.167526138429636e-05	0.0001609592639476325
140.98771772927034	0.0003962227445934996	0.00016343829431461274
141.01110706234158	0.00030237883945205546	0.00016102853180747557
141.83853838679522	-0.0003248323509977835	0.00016080016988320267
141.86166737414442	0.0002541415353555232	0.0001607875975319313
141.8850389199822	0.00029296821584723354	0.00016088080019778585
141.90838317907355	0.00021945107672505237	0.00016091442538317767
141.93189415909046	0.0002675940231053886	0.0001609219713069636
142.7587391933087	0.0005070769969610645	0.00016267608197667276
142.78201113578803	0.0005386406641954	0.00016101122741119626
142.80544158564157	0.00023522928657448983	0.0001632729329266698
142.82905341675541	0.00015871854229421167	0.00016101112824574366
143.65571752885566	-0.00013126636876692466	0.000160814294396203
143.67888069468722	9.756737784849534e-05	0.00016076943286869822
143.70226847233403	0.0003388381016643516	0.00016088417261993012
143.7257259404214	-5.6005697820604716e-05	0.00016089335337488722
143.74946354448093	0.00023826687449823858	0.00016091958350646652
144.57571381620022	0.00041457957999579964	0.00016256259974892882
144.59907882866287	3.3018407742280154e-05	0.00016095791961842797
144.62261885271027	0.00028500966398603556	0.000163086876464835
144.6464022523669	0.0002515201364490238	0.0001610003692410163
145.4724742169829	-5.607705429555576e-05	0.00016081860580224297
145.49582951435036	0.00010932255945761415	0.00016076511753860604
145.5192557131129	-5.949574168129246e-05	0.00016085556614426345
145.54303256093908	0.0001505020380844213	0.0001609092444356338
145.56677945888805	0.00036691645067410406	0.000160926211707117
146.39233832130066	0.00039445150881378677	0.0001624714475780384
146.4159168237211	-3.7713109396486644e-05	0.0001609917075091297
146.4396057065701	5.061135279316176e-05	0.0001628881308431106
146.463307260301	0.00019651589981295459	0.00016098333447759697
147.2886624629549	-3.2154554122865164e-05	0.00016081752406098753
147.31227165488042	6.076843700020262e-06	0.00016075124533283965
147.33607128245126	0.00016430980369730452	0.0001608757653269465
147.35995175342532	6.568246243709996e-05	0.00016090201373848597
147.38377289318942	0.00043812385758079664	0.00016093297445979088
148.2084949060187	0.0005820051817040373	0.0001624179095795959
148.23233445147343	5.043442835783729e-05	0.0001610005085287639
148.2559838024797	3.5672510655060385e-05	0.00016269784030297906
148.28023557502047	0.00043102406247919056	0.00016099969220402142
149.10466835250446	-0.0002564672685027025	0.00016079930895242144
149.1285812397465	6.92774496289239e-05	0.00016075461908752965
149.15233571638464	0.00010262051416443096	0.00016087509949205714
149.17642867844415	0.00012733746252524547	0.00016091057787406455
149.20048675138833	0.0006832813073778254	0.00016095059700405053
150.02440531807378	0.00046060121769631035	0.00016230662199643634
150.0483721179321	-0.00019474184530698935	0.00016098104786842112
150.0723225929721	0.00040593954478973515	0.00016253905807447382
150.09642492209605	0.0006525158511974105	0.0001610180850097375
150.9202194849244	-0.0004434217587536704	0.00016080648414387814
150.9443453926841	2.9476696809749292e-05	0.00016077095667708585
150.96829162019367	-0.00016426370984912175	0.000160879493301136
150.99241310987463	-0.0002875661416286146	0.0001608892857339213
151.01686393451746	0.0002362680806846651	0.00016093285064239888
151.84004192911254	0.0005672077589792268	0.00016222606125377128
151.8640241501082	-0.00013561643086190678	0.000160974657292637
151.88818969830163	0.00029776016318960874	0.0001622894445743157
151.91258195255386	0.0002477028342580123	0.00016096980447703057
152.7356564781305	-0.00019267953402291038	0.00016080320225772345
152.75973984744246	0.00010966207779372628	0.0001607661540648274
152.78400074326896	3.8861728469119505e-05	0.00016087682045837695
152.80835329396996	2.151539540806713e-05	0.0001609011791082695
152.8327365920718	0.0002385946416196827	0.00016091824309731503
153.65527284268046	0.00031308236159244274	0.00016212498675275368
153.67955929985578	-0.0002200031969693539	0.00016094231789721392
153.70395166782419	4.044512233813968e-05	0.00016203005063150885
153.7285283815745	0.00029980865471346263	0.00016096090511802564
154.55061924283993	-2.273122354301549e-05	0.00016081363362333546
154.57495188308678	0.0002746882559023778	0.00016082442882797875
154.5993189874887	0.0002538072341670139	0.00016089231827549376
154.62381718539882	-0.00017444583287007376	0.00016088826918471158
154.64849606597681	0.0003724714313673161	0.00016093220985730539
155.47020040177813	0.0003251800911486802	0.00016202327349716918
155.49471370387937	5.801758688561698e-05	0.0001609585211221446
155.51926519564154	0.00036695235040329344	0.0001617821516941848
155.54405722561478	0.00015374870933271279	0.00016094564119599946
156.36545087409783	7.835938548805821e-06	0.0001608204394772068
156.3899235047072	-8.960730003382267e-05	0.00016075126740683752
156.41470230441792	2.893368535239471e-05	0.00016088034377826632
156.4392404070877	-0.0001394238764682587	0.00016090303549935034
156.46417267557854	0.0003763092098751919	0.00016094463652951006
157.28485608809194	0.0003561812036876333	0.00016194970707848402
157.30951188142967	0.00015534200462374859	0.00016097820339479324
157.334384474623	0.000489892589835117	0.00016149412104049572
157.35921765453122	0.0003302911776486006	0.00016096455155763947
158.17992105587155	0.00018039066712993712	0.00016082825300164937
158.20467115398105	8.525437337381092e-05	0.0001607488382427167
158.2294279306252	0.00021896856905812	0.00016089549542388617
158.25435983096077	8.414289803138075e-06	0.0001609112223160342
158.27959178115225	0.00024397696815747771	0.0001609522817982847
159.09947572825922	0.00042538272491676743	0.00016185834496423336
159.12428621219829	4.878312758527237e-05	0.00016096119106593864
159.14930140805632	0.0002178769446510298	0.00016118356803735686
159.17453765041273	0.0004156412032916279	0.00016096872151535137
159.99410602661868	1.177613368019692e-05	0.0001608155130712376
160.01903293790258	0.00053014813771457	0.00016078768632695958
160.04409762622254	-9.795202615026088e-05	0.00016087977855580598
160.06917176119214	0.00013289063019317204	0.00016092505871129943
160.0946607524088	0.0002716400210569514	0.00016094798587215707
160.91353330067386	0.0003770989896808574	0.0001617785127841666
160.93877828907512	4.267906228394569e-05	0.00016096460745919946
160.9638862257375	0.0002268737692209255	0.00016101219130649564
160.98926823775946	0.00026012566589006525	0.00016097702567615665
161.80809934636878	-0.00012893650692913372	0.00016080830017769268
161.83333619227415	0.0003551856231118755	0.00016077906235366566
161.85851941040687	0.00017656500964624566	0.000160911110385493
161.88405636537436	0.00013093946924536137	0.00016093491746483075
161.90958177984749	0.00022488254878139102	0.00016094727433294868
162.72752710104533	0.0004989291497383697	0.0001617433303082766
162.7532338624635	-0.00027664009931360756	0.00016093981179838128
162.7785217573096	0.00040531366698914884	0.0001609760771821603
162.80421042504804	-6.343727852597958e-05	0.00016095499892225944
163.62198269683284	3.318516182027054e-05	0.00016082200299740565
163.64729831985971	0.00040071405263886195	0.00016078303613348507
163.6729413788928	9.943282566227118e-05	0.0001609169015415361
163.69846251656463	0.00020021490297317257	0.0001609623477557689
163.72412153117375	0.000197636372684995	0.00016095619315176845
164.54153990063878	0.00044706591227106074	0.00016169481083061222
164.56721264117573	0.00026335024456058953	0.00016100127511582956
164.59292980328928	0.00021620556436929839	0.00016096548999716296
164.61876682214734	0.0004084520274354464	0.00016099949469486493
165.43547876037243	-0.00043100493189018874	0.0001607914095420952
165.4612110339301	0.0001805794125201432	0.00016076822640486758
165.48697912059788	0.0003615303054310681	0.00016094516323369166
165.51275930966358	4.12352325385168e-06	0.00016094760559749646
165.53884483935008	0.00031384221628316666	0.0001609773961593795
166.35524446167494	-1.5122567671443932e-06	0.00016160766264352507
166.38108545864156	-5.1193781202996114e-05	0.000160971826603308
166.4072242938896	0.00023297704285507592	0.00016097395152385875
166.43309796924132	0.00034009230865228446	0.00016099761789011688
167.24908429821468	-0.0001497120909912386	0.00016082171505623613
167.275007834284	0.0001303873025900737	0.00016077079797178066
167.30096260004393	3.81532230006032e-05	0.00016093754427315852
167.32708340340832	-0.00018470437323958588	0.00016094266033920396
167.353292451151	0.00010790413358352513	0.0001609811255954051
168.16873887957195	-0.00012385862347941146	0.00016155946184489417
168.1949911147317	1.5930443423184393e-05	0.0001609882060067031
168.22099932221886	0.00035762555272755847	0.000160995344093913
168.24742434937207	0.0005467368915261783	0.0001610286561999053
169.06233274822745	8.32941243933405e-05	0.00016083855699164156
169.0886488843695	0.00017557658874212123	0.0001607741564300778
169.11486834877815	0.0003621590531138752	0.00016097294045789415
169.14110104119163	0.0002085370788105223	0.00016097670464427255
169.16759697482348	-0.0001243145379166144	0.0001609740686768912
169.98231801012685	0.00010651796293759119	0.00016154663951442998
170.00867029021128	-0.00014201629514176695	0.0001609847909160445
170.03515981065084	0.0004964601530530466	0.00016099851697379782
170.06171742870583	0.00021116116170416532	0.00016100749173429557
170.87560218768851	0.0001319630928257043	0.00016085016439648257
170.9021577837757	0.0001791014355470022	0.00016078188808061431
170.92862181293526	1.73223332476935e-05	0.0001609584164015985
170.95540011730736	-0.00016343444741495627	0.00016095879853058104
170.98190833888202	0.00019197415457461453	0.00016102562269255884
171.79562770494238	3.7490876383383664e-05	0.0001615124877561605
171.8221848524845	6.228750693637597e-05	0.00016101039593566368
171.84887546945902	0.0002619436814403908	0.00016099076560065608
171.87574097394872	0.00044646415101889936	0.00016103491878362896
172.6888308492004	0.0003261671035732494	0.00016086412495368353
172.71581173477	7.856265476746671e-05	0.00016078317682762913
172.74244920885553	0.00015931481959197136	0.0001609693558198419
172.76940539769748	0.00022427728657459234	0.00016099748292041453
172.79604280369267	0.00015595113433342078	0.00016104259889622113
173.609052180479	0.00037434913183964635	0.00016152492996094483
173.6358235279065	0.0001486517122770703	0.00016103348966711847
173.66288951246588	0.0005492457018980712	0.0001610270653288164
173.68976800520932	0.0003245482618290385	0.00016104443586913836
174.5020674042698	0.0001793106893619445	0.0001608570066483049
174.52911294781438	0.0004259217400613968	0.00016081640142257217
174.55616924509877	0.00043902447484167606	0.00016100018249309527
174.58319585046638	5.717137901384284e-05	0.0001610014099539893
174.6103123610278	-2.7736725259575046e-05	0.00016102601556260113
175.422242967378	0.00026546810470040594	0.0001614868817115376
175.44956499867362	-0.00015184591451178342	0.00016100921968217733
175.4764808730406	0.0006360878969640105	0.0001610456783825966
175.50380773880215	0.00041918776864258156	0.0001610690276126405
176.3152390678092	0.00028571077500183506	0.00016086757965427456
176.3424881113782	5.1328306184372785e-05	0.00016079250708617138
176.36988598268044	0.0002233030047090745	0.00016099048381929405
176.39725937301	0.00022267406044740312	0.00016102528582994597
176.4243911657586	0.0003264216510896478	0.00016106587921058807
177.23558221690132	0.00036187646264373985	0.00016147817882269355
177.2629604487463	3.4294238091980844e-05	0.00016103653483075074
177.290364535879	0.0004293131340915579	0.00016104855809623362
177.31786066314726	0.0002861701035778985	0.00016105503866647007
178.12844713452978	0.00017270859720808218	0.00016086167921105441
178.15579991305606	0.00031891344474999084	0.0001608174180482738
178.18361243863183	0.00010566004095113879	0.00016098931635083772
178.21104796984173	0.00014410455298874414	0.00016103353525620217
178.23866065356742	0.00025758957740973365	0.0001610219626237433
179.04880035169538	-6.303089775960835e-05	0.0001614332662144753
179.07651505061517	-6.148960542173842e-05	0.0001610284172456358
179.10422214267282	0.0004318652056272132	0.0001610672041417786
179.1317468328948	0.00029331220128869795	0.00016105082377431017
179.94149325761379	0.000604113638383641	0.0001609022201067364
179.96941379949578	0.0003335431790935095	0.00016082117810902312
179.9970685272292	0.0003627992798456159	0.00016101908896132709
180.02492963557233	0.00011714568062737296	0.0001610279875414314
180.05295453002236	9.92424840795536e-06	0.00016100184116483738
180.86213496935306	-3.5769633505378096e-05	0.00016140933455747802
180.89000819993566	0.00019536507800343994	0.0001610533796578239
180.91799884364605	0.0004903431407778935	0.00016108876313446205
180.94575790875524	0.00027266101878797855	0.00016104279526662154
181.75479486851222	0.0001455625876315425	0.0001608656157611322
181.7828400421423	0.0003408308918598779	0.00016082666996659848
181.81081877375186	0.00022321498007316087	0.00016102519935330895
181.83890939689536	-5.7055049085930065e-05	0.0001610109102393807
181.86700793328782	7.580288052533302e-05	0.00016101297705085478
182.67559304893484	-9.182416592756759e-06	0.00016138862765064133
182.7036429032105	9.426055093786356e-05	0.00016104669884343365
182.73185371257114	0.0002303282340536672	0.00016106485476133147
182.76003028991227	0.0001577608752685311	0.00016103972737124987
183.5680030579495	0.000420068949523289	0.00016090906223845304
183.59645509926872	0.0004929692820657694	0.00016082661820083393
183.62445815518004	0.0001569392589860774	0.00016103558714124526
183.6810767008542	0.00010690237195420949	0.0001610339803999903
184.4890183802429	0.00022746029426379266	0.00016139857343645017
184.51735422458273	-2.926242855960659e-05	0.00016104763588723161
184.54577357526955	0.0003734848996752582	0.00016104822899801714
184.57412062622734	0.0003722453269012771	0.00016104819224372233
185.38135561124662	0.0003214659919117402	0.00016088422799071198
185.4098953282779	0.0004463697773247066	0.0001608365968356654
185.43849149142125	0.00022604083039889922	0.00016106070521187363
185.46686502618695	-0.00023608464271673846	0.00016099617776764956
185.4953187517599	3.064488568571555e-05	0.00016101134310485794
186.30237272201805	8.724598578913056e-05	0.00016138822336258593
186.33125304405235	2.2493607081508493e-05	0.00016107849330087556
186.35976720220674	0.000523221728817802	0.00016103473117372064
186.38843798951984	0.00024791842835414357	0.00016103026493739556
187.19488858253794	0.00014388085236094472	0.00016087254651932513
187.22374059518995	0.00022740135773646752	0.00016082996995205878
187.25231782830065	-0.00019241454268936753	0.0001610229062384153
187.28098614629243	-6.6221807690780565e-06	0.00016100669715504064
187.30969132905693	6.491343012526851e-05	0.00016103303886294296
188.11618239298207	0.00010160651520074726	0.0001613649257334473
188.14486712951384	0.00020679992952354898	0.0001610782906659662
188.17386038891914	0.0002033441796744917	0.00016100095546650362
188.2026531265019	0.00029211773786430584	0.00016103499122271806
189.00850574463664	0.0003092382458187437	0.0001608814794943039
189.03745659405547	8.571008654068013e-05	0.0001608190255163946
189.06640622023633	0.0004101181914064611	0.00016104975548056092
189.09529513198368	-9.760617567589058e-05	0.00016098999361262027
189.12417670637933	5.6455671054500556e-05	0.0001610457204058282
189.92996586485333	6.697713211345491e-05	0.00016133393255446875
189.95891787632263	0.00027976529541140494	0.00016107514913009992
189.98793175802302	0.0002554987458105451	0.00016100060599154455
190.01698602832857	0.00010174000495899449	0.00016101719775138065
190.82218295881628	6.447421914024254e-06	0.0001608556672539016
190.85138228956282	0.00039589420220520477	0.00016084063973377457
190.88055349067918	5.673224837543511e-05	0.00016100547632531237
190.90990194761662	0.0002812905529943066	0.00016101601317380042
190.9386583790274	0.0001854742480751348	0.00016105052698159853
191.74374602206808	-0.0001145289605583022	0.0001613032125519006
191.77308975197184	-3.213690433134797e-05	0.0001610330927089955
191.80230101425173	0.00046576024457456455	0.00016101710918606948
191.83148140924504	0.00020472290651429859	0.0001610352021766232
192.63606132649258	0.00012307627829766243	0.00016085988989033342
192.66555025850914	0.00018651987577977813	0.00016082526460662545
192.69495776847975	-0.00037195195269801307	0.00016101936328119501
192.72424523870586	9.549314998269498e-05	0.00016099752822376517
192.75328903609716	0.00020702840619701846	0.00016123974802177704
193.55786394238805	4.755097250475071e-05	0.00016130088345785157
193.5874608764368	-4.616155687198198e-05	0.0001610380517419312
193.6167371564709	0.0004847324633074912	0.00016102221049572456
193.64612723883693	0.00045109224858874697	0.00016105130782976445
194.4500996802615	2.4492496429551203e-05	0.00016084757002626562
194.47992175191018	0.00018195361301487356	0.00016081801909488604
194.50928302482953	0.0002965768404996627	0.00016102759087376672
194.53884461336793	0.00020621588500757682	0.00016101347791660408
194.56822661025217	-1.8251261114210493e-05	0.00016203073958878577
195.3722670161476	-0.00040088812296479315	0.00016124757643839625
195.40175448730088	-6.014761159911508e-05	0.0001610240789722141
195.43138747720764	0.00018618231018019404	0.00016098934426388262
195.46098831795825	0.0003560646655147437	0.00016115561074906925
196.26452813962416	0.00039639293998527947	0.00016087412356696098
196.29427462312253	0.00042579288939781357	0.00016083488838423466
196.32406488572383	-0.00011902682863007552	0.0001609990186259925
196.35350652020225	1.4779946071130645e-05	0.0001609900065379418
196.38316218792534	-0.0001155048225883748	0.00016241071726617043
197.18665384566475	-0.0003680171049061931	0.00016121964145593382
197.21639930642073	0.00015062756744244066	0.0001610407657204307
197.2461936139489	0.0005868933742818605	0.00016102359248949976
197.27582964406884	0.00019866286440350933	0.00016184733771115893
198.07905917782105	0.0004731552265835326	0.00016087489224041974
198.10889696515835	-3.418062928361998e-05	0.00016079550820946774
198.138730301157	0.00027970705496715986	0.00016102739292957262
198.16861217904807	-8.097720919097995e-05	0.00016104268161103947
198.19827863748424	-6.71839271504382e-05	0.0001620102863320258
199.0015284572437	0.00016870166958826704	0.00016125749499492462
199.0312347127392	0.0001144505417202124	0.00016104055136264807
199.06120781654772	0.00030405257201415736	0.00016099539341413621
199.09104073595745	0.00047102428634304694	0.00016244712097729155
199.8937434991101	0.00029548415852853616	0.0001608572944946682
199.92382431028113	0.00023696857558996864	0.0001608148131954332
199.95385953700338	-9.891921798488301e-05	0.0001610042887780612
199.98376188091788	0.00011704548061641784	0.0001616394723873154
200.0134468065189	1.8214234146940456e-05	0.00016215867894831245
200.8162540363096	-4.475012019899971e-05	0.00016121332254551105
200.8464727406888	0.0002085979851690345	0.00016103412143555104
200.87638379135365	0.0003299058744254957	0.00016101700751182193
200.90624800282285	0.00018672269899455696	0.00016197126015188827
201.7084603003911	0.0002687480799210551	0.000160852765740479
201.73892929893043	0.0004942436460508848	0.0001608360592210625
201.7692495687711	0.00024002958744584468	0.0001610281038496263
201.79904668603103	0.0001348416073128078	0.00016231156848289482
201.82882267831747	0.0003164855927682009	0.0001621041734190559
202.63150967598153	6.18848558444629e-05	0.00016120927223790235
202.6617286948906	0.00013755555827299482	0.00016102511211466122
202.69178543196995	0.00021251219070883565	0.0001614582863224061
202.72183139798744	0.00027491292454739913	0.00016209626392287376
203.5239144538975	0.00025766364127965957	0.00016084656603208817
203.55430277760775	0.0004424923731141117	0.0001608224070628636
203.58469916586932	0.00016804628557209877	0.00016102687611564858
203.61459032855737	0.00010176656348204194	0.0001618763157008536
203.6448000191549	0.00011480879906022867	0.00016131829345329433
204.44686426766145	-8.065385405098269e-07	0.00016119607586080663
204.4771643680649	0.000204287183337315	0.00016102998864856157
204.50742430460537	0.00042931018801017906	0.00016218046400226716
204.5376188744931	0.0002499325717955081	0.00016209494321537448
205.33937861601572	0.00023945013917625602	0.0001608402047295108
205.36997643594327	0.00023405675423981975	0.00016080538837198125
205.40017506261438	-7.645911884113232e-05	0.00016132087465745143
205.43044865350703	0.0001906664424238258	0.00016197973741535217
205.46050602916284	0.00011963336477582853	0.0001610145022481535
206.26258717879205	8.67461317469731e-05	0.0001612155605179262
206.29300145322668	0.00031266352808445586	0.00016102424113143847
206.3234011654365	0.0001604489181231683	0.000161764294829663
206.3533442387502	-6.442672506146163e-05	0.00016131917811377044
207.15510267657433	0.00010832197263332954	0.00016085808336881968
207.18574707865116	0.00021381261880892843	0.00016079745012870207
207.21627780713948	0.0004794814801268865	0.000162023271474956
207.24659736286185	-0.00023334091335613927	0.00016198072072300297
207.27652834588935	0.00027691001292473594	0.00016099783912615367
208.10899486717153	0.00037561390570506337	0.0001611685358878588
208.13934179919443	0.0002202296051834196	0.00016185237281702986
208.1696195598065	0.0004629409059535572	0.00016102747106395786
208.97108717175357	0.00010746138435879793	0.00016082752131705053
209.0017761545729	0.00015259971168501973	0.00016078238185484578
209.0323294554828	4.7095448577172405e-05	0.00016164361362428338
209.06261641918127	0.00027150213706561566	0.00016132171654516743
209.09278277109343	0.00012987859929869394	0.00016099408855571175
209.8947251396803	0.00023585031547390667	0.00016117161037777644
209.92519045335143	0.0002209338654072246	0.00016169330389026812
209.98584004754912	0.00037950849697887534	0.00016102932713883765
210.78739782136486	0.0005599508365379258	0.00016089519989954425
210.81809737238268	-1.6146581411358163e-05	0.00016081969017943604
210.84873624419515	1.0988316761051387e-05	0.0001616973786849532
210.90937196326513	0.0001898177577528415	0.000161025030372506
211.7111832176032	5.81475344079152e-05	0.0001611323649445215
211.7417559323569	0.0003259739833623154	0.00016144653777739226
211.80268023888448	0.00036573498971037566	0.00016104016124225259
212.60415168518838	0.00026973693464205084	0.00016087683425200017
212.63481253011594	3.0511373209196613e-05	0.00016116233402186316
212.66540608379705	0.00031011501040523193	0.00016175225193613616
212.7259737126742	0.00038031927950643585	0.00016103997842958413
213.52798042851987	5.834788498437771e-05	0.00016113497170589194
213.5585539314436	0.00014752064317202773	0.00016155295892247582
213.61932613415775	0.0007088928367697811	0.00016106942597724172
214.42103093918266	0.00010003368559308168	0.00016086414437385593
214.4517655288804	6.1308979242280515e-06	0.00016101629171336325
214.4823818916193	0.00014669306865189302	0.00016116259472132694
214.54275447652662	0.00010096865716091585	0.00016101488754382553
215.34503351149738	1.7448745726622583e-05	0.00016127911623973172
215.37575015947232	0.0003357804947951015	0.00016150988110372763
215.43655980560925	0.00024912016576927876	0.00016101614567558723
216.23819113776335	9.437637842790725e-05	0.000160834887264924
216.26904513894	0.00022532974772893066	0.00016117361062478917
216.36020440065658	0.0003246735962003644	0.0001609974622140325
217.16233013230521	0.0001798158649440884	0.00016124085846673408
217.1929535271188	3.739089509491311e-05	0.00016101579238610668
217.25373853927658	0.0003278588675390548	0.00016101365041164278
218.05566146259974	0.0005582107677235548	0.00016086982011045368
218.08643629635628	-0.00010435877654457748	0.00016100689531598416
218.17754693945426	0.00012038606745612412	0.00016097514127513826
218.98023208675397	0.00029242885419444864	0.00016136087650563813
219.01061234425333	0.00032281718871407517	0.00016095332806520955
219.0712984655488	3.493622391947948e-05	0.00016099247487634711
219.87356176082193	6.253530008493158e-05	0.0001608388739247632
219.90424786202698	0.00022406481017500646	0.00016077436894503837
219.99538539396326	0.00020359105258038745	0.0001609898577836974
220.7978318692418	7.40330301585157e-06	0.000161148035165055
220.82849075976355	0.00023440641846628196	0.0001609169570003756
221.6916972416395	0.0001940435840621646	0.0001608617991821739
221.72239136127973	-0.00017443059351607282	0.00016071947833300594
221.8131335567532	0.0001340387678590016	0.0001609914518553157
222.61622879190668	-4.470702749859168e-05	0.00016108134646032656
222.64672091413354	0.0001878400458272811	0.0001609083291931657
223.5101793464076	-2.2412303468555272e-05	0.0001608439515253004
223.54072827918878	5.0511100758265925e-05	0.00016073568567252533
223.63110060766712	1.8081082982179808e-05	0.00016098714750541857
224.43462062660683	0.00033240586124372307	0.00016110666993390758
224.46515971014333	-0.0001505014616330902	0.00016087848768966674
225.3288616986801	-5.4255783643819555e-05	0.00016083840308438754
225.3593617501666	2.162822551898813e-05	0.0001607304935899629
225.4498228367729	0.00015025760707099156	0.00016099890452533092
226.2535507611292	0.0002706877678430031	0.00016110282935309511
226.2839823792899	0.00021137161975037788	0.00016091101544613416
227.1479315328528	0.00012215411145255484	0.00016085463774774208
227.17814512539178	0.00020542828885783404	0.0001607372735490358
227.26832737422	-5.874672036398909e-05	0.00016099168290717528
228.07272584062514	0.000175359719205459	0.00016107912581930626
228.1029308699226	0.0003129382219093646	0.00016090648165728848
228.96717991440636	4.2411417358168e-05	0.00016088935698337407
228.99740318819306	0.00022031227105656637	0.0001607050436156138
229.89202433961054	0.00011745369169580133	0.00016106414487681924
229.92224856426014	0.00010050570346598064	0.0001608637732432375
230.78675155908869	5.969356863877451e-05	0.00016090207097451778
230.8169040599912	0.000338766626381104	0.00016071060515688844
231.71175278015767	6.248739842196205e-05	0.00016105565331703243
231.74168199441033	0.00023024246132252735	0.00016087196105029564
232.60666438001022	3.515342946092126e-05	0.00016089757098232765
232.63659639060938	-7.005606659216124e-05	0.00016067503736093606
233.53168381216824	-9.162444379262613e-05	0.00016105974551441302
233.56147152349922	6.15460998776296e-06	0.00016085208896597314
234.4268951336263	-6.774972260870094e-05	0.00016088944852506442
234.45653110944454	-6.535823450182221e-05	0.0001606739881579276
235.35180756532566	-8.331581182785541e-05	0.00016103617558625905
235.38150354500658	0.00041174152979484013	0.0001608842143714085
236.2472633293116	0.0002609335585281869	0.00016091307481848184
236.27675772282112	-2.6030861753123524e-05	0.00016067858297393834
237.17231836493374	9.666960853460527e-05	0.00016104411426630833
237.2015959601531	0.0005506356590825323	0.00016093320890636536
238.067862723575	0.00027094598866761466	0.00016089640591600074
238.0972854245149	-0.00038192835479267107	0.00016068117456953429
238.99298754149208	-0.00021026947087077197	0.00016087983220721162
239.88865989410468	-2.7567974715925203e-05	0.00016087408684383595
239.91799201954518	-0.00018328587584770517	0.0001607408007481805
240.8139441952245	0.0002052627006055019	0.000160869203159043
241.71000812423932	-9.02681666591354e-05	0.00016085886444303378
241.73881865880423	-6.428044785800058e-05	0.0001607492559981021
242.6350232804815	0.0004329985204347686	0.00016090311706595326
243.53121803335733	-2.448730841386748e-05	0.00016086198164015145
243.56000766613704	-0.00012727961472236426	0.00016074968584098103
244.4563366041774	6.007106724370548e-05	0.00016085292624934183
245.3527087663987	9.964946394747098e-05	0.00016085983490703865
245.3812705355126	-0.00016399105082653964	0.00016075219643958038
246.27790195868306	0.00032042210753069345	0.00016090079124293205
247.17445354249034	0.00030996264586780065	0.00016083258869862806
247.2027919620375	-0.00024065441079423877	0.00016076103174861447
247.28687084456442	0.00016342579035089067	0.0001609829051993112
248.099605552909	-0.00010482723581939357	0.0001608791877229827
248.9965438086801	0.00013584304318570162	0.00016080894260867278
249.0244959800632	3.6467231594672356e-05	0.00016078701635133374
249.10774680484337	-9.366032120194934e-05	0.00016095303355511567
249.92134394969253	0.0003724745509109395	0.000160927408589137
250.8185055187957	-4.545768232999681e-05	0.00016079444859328586
250.84624674105476	-0.00013485775824406687	0.00016077966402555977
250.92888872318053	0.0001433435685378459	0.0001609660374708878
251.7433986767677	-0.00013356185986324043	0.00016088692508762836
252.6407654471462	8.790137651570884e-05	0.0001608041445896773
252.668343438698	0.00021039488095075942	0.00016080574039933765
252.7500378491941	-0.0002012464561688132	0.0001609345225322007
253.56558322255557	-5.372829446681493e-05	0.00016088463151913673
254.46321282079236	0.00016787432478437836	0.0001608118813990342
254.49030097351738	9.840573070107883e-05	0.00016080391864017483
254.5714238867754	0.00019105575843081368	0.0001609619558291223
255.38798987203586	0.00012869438316964743	0.00016089863892261027
256.28574393724307	1.3583631822133846e-05	0.000160796080144641
256.31249781875465	0.00026102440972697316	0.0001608133313239351
256.392755672538	5.110737700431134e-05	0.0001609449952691712
257.2103197787727	-9.56454277184493e-05	0.00016088174220760598
258.1083179965499	6.546638475957156e-05	0.00016079825345604665
258.134918767944	3.278824626262722e-05	0.00016079737222353554
258.2143771800943	0.00020313665840165918	0.00016095474165731753
259.0328122375387	1.6234817619698028e-05	0.00016089698035384042
259.9310689795494	0.00026487608340519664	0.00016080420450259995
259.9571734924565	1.1306259775856198e-05	0.00016080110437468695
260.0360150640008	-7.693208640580096e-05	0.00016092090505857742
260.85557238532624	9.604522650097369e-05	0.00016096494726991543
260.9338757182568	0.0004552277150062789	0.00016096971285124706
261.7537537702758	-0.0002156733150588952	0.00016076233338264834
261.77993987863624	4.275592776481485e-05	0.00016081621245207905
261.8577005495822	-7.512358437455902e-05	0.00016091898455438284
262.6782595873806	2.5367608958437593e-05	0.00016097172271088963
262.755670831782	0.00028267377961510576	0.00016094896648766245
263.5766828200913	-0.00010793805710296311	0.0001607750950278015
263.6024449431825	-4.706946752297547e-05	0.00016078517304577385
263.6795434332271	9.878542686814207e-05	0.00016093478466885894
264.501002443061	-6.901080076326949e-05	0.0001610346429680463
264.52651286988817	0.0004493828940685951	0.00016092209626074382
264.57784404725953	0.00042338024024735077	0.0001609816583488689
265.3995800526516	0.0004875722937485172	0.0001608264716272256
265.4250709919123	0.0001508954316402633	0.00016079691003937597
265.5013082735841	3.0722897239487956e-05	0.00016093138088770604
266.3236544326637	0.0002960746084943455	0.0001610079456632053
266.3998062743326	8.863231319589104e-05	0.0001609363782427925
267.22259250957455	0.00022067198869302196	0.00016080349941081253
267.24782357729976	-0.00011906758713442489	0.0001607769035383097
267.32327565985815	-0.00011969138120304645	0.00016092640505491968
268.1465792379729	0.00013319783819709663	0.00016106335232942353
268.1717103133615	0.0004320852334891434	0.0001609015330263899
268.22171948807454	0.0004210609371506635	0.0001609893207981076
269.0454464980746	0.00011142813798570295	0.00016080766914870135
269.07051373553816	7.450836204647704e-05	0.00016076627775777228
269.14524602414804	-0.0002803047720252305	0.00016092681964788685
269.969499555158	-0.0003722511079379265	0.0001610134021618112
269.9942318666933	0.00047796642394593025	0.00016087534466195086
270.0438022249209	0.0005128747125930921	0.00016099810933618638
270.8685642133018	0.00019325321907404103	0.00016081560079267765
270.89319613538146	1.3494170697514463e-05	0.0001607597280917845
270.967308492749	-4.246692080600578e-05	0.0001609465762288555
271.79214384362047	-3.049798308374374e-05	0.00016100919939292146
271.8167477659197	-0.00015814022195403954	0.00016083623247534345
271.8659895645292	0.0002606886322624735	0.00016099062182169924
272.69151908137343	9.008550930222903e-06	0.00016082499038456546
272.7158716323718	0.00020536114166147534	0.00016080388142393902
272.74029966246553	0.0003487460730212666	0.00016104006184560924
272.7892628850168	-0.00013327112801597707	0.00016096692341355676
273.6150689223358	0.00028641389943262485	0.00016100284519250497
273.6394597416406	0.0002494531190870841	0.00016089518118435906
273.6882099219647	0.0004858737904980259	0.0001610263189216204
274.51437673466313	0.00012173341234122947	0.00016083063441447223
274.5385071563586	0.0003910534161369883	0.00016083386970832387
274.56287012192456	1.6538838057633676e-05	0.0001610146085808878
274.6113050794156	-0.00017283951871627234	0.00016096115795760592
275.43782694311824	5.57426285738849e-05	0.00016101174079865798
275.46222950288256	0.00032272963352730777	0.0001609171680600488
275.4861057816365	0.0005723109067241605	0.0001609708336856684
275.51016618273707	0.00028388691675629296	0.00016097974045278384
276.33727896178016	0.00013079546492589245	0.00016081238609762051
276.36139032106087	0.000201599441624567	0.00016084608751432087
276.38527146912793	-0.00019357260022012657	0.00016104382997516302
276.40951472751794	0.00011170552760431107	0.00016093744141897876
276.4333437288219	-4.9317037522644824e-05	0.00016095313941509422
277.26075933503284	4.054827179578169e-06	0.0001610120115264268
277.28460623250953	0.00033822913989733916	0.00016091840576190335
277.3087037742712	0.0001929770200153058	0.00016093218080645173
277.33247523781256	0.0005022605641724631	0.00016098855637452396
278.16031498722043	0.00022704098490944347	0.000160812369777179
278.18397356254695	0.00023186461760149601	0.00016084189212133826
278.2077622151453	-8.745377808594412e-06	0.00016105843262009272
278.23167674957176	0.0001249025743932375	0.00016093377951059622
278.2554227723108	0.00010983547868803623	0.0001609625749254149
279.08349246309115	-1.3897490333314444e-05	0.00016100534675810984
279.10712995719837	0.00016496078542094228	0.0001608981654734178
279.13106523492297	-8.951221881636773e-05	0.00016090736153511043
279.154728531048	0.0003221658471153077	0.00016097332546161785
279.9832211014179	-2.9725958220927495e-05	0.00016079786594670343
280.00666218908134	0.0001598582958203254	0.0001608446439976265
280.0302540195846	0.00017309030212309118	0.00016108279426730373
280.0538972007007	-0.0002765532468504972	0.0001609111314751022
280.0774833132459	7.136855624756411e-05	0.00016097489883396617
280.9063258132503	0.00015445489669518864	0.00016101578741492035
280.92973429006906	9.649605369832503e-05	0.00016089178845522586
280.9534867517118	-0.00019513995972131326	0.00016090221512782616
280.97675901496314	0.000613154071394284	0.00016100469939842323
281.80599803084584	0.0002126525854642125	0.00016081414290481126
281.82912297120083	0.0003290501168466964	0.0001608568464205166
281.8527353201198	0.00018243051748889627	0.00016108361658686196
281.87615581738055	-3.574764018310361e-05	0.00016092771378570895
281.8994296831456	-8.242561424531836e-05	0.0001609810345724875
282.7289057600161	2.87237838928478e-05	0.0001610052767405836
282.75227557535914	3.5566034047862516e-05	0.00016088360499655073
282.775488078169	2.9376181739371177e-05	0.00016092501217705726
282.79887683838706	0.0001923960712262307	0.0001609826120565462
283.62873481534234	0.00011521469905662052	0.00016081168832796298
283.6518760176227	0.0007719435621025283	0.0001609071029372647
283.6751140978374	0.0004043856273850954	0.0001611178649381803
283.69851678693885	0.00018168506856819366	0.00016095527498047896
283.7217458340201	-7.659283402738915e-05	0.0001609951522263431
284.5516822590455	2.5300229219427095e-06	0.00016099806798485538
284.5745667381823	3.0931967041292197e-05	0.00016088589018098217
284.5978530796392	0.0002083790198679214	0.0001609403359549803
284.6211820654107	0.00033088218958732263	0.00016101014696900414
285.45160090535404	0.0001356721294646368	0.00016080985305719906
285.4742693258621	8.213457705252836e-05	0.00016084634827866635
285.49742992511483	0.00022609020895736354	0.0001611007507471892
285.5203735424543	0.00013713908000012598	0.00016095826451446044
285.5437514894329	0.00011919478423705332	0.0001610045371919282
286.3741461243312	0.00020534172156638775	0.00016101569509620336
286.39708102496274	0.0002964306920736348	0.0001609089704963713
286.4199715370237	0.0001344251095530824	0.00016094441162934551
286.4431554920279	0.000271915710830406	0.00016102391142203509
287.274004996562	0.00041335504724648864	0.000160830863212824
287.2968609539696	3.1350476479174993e-05	0.00016084716963285031
287.3197351261799	0.0002849180508895932	0.00016111085344946104
287.34277968550987	6.20431301255886e-05	0.00016097163303552866
287.3655380035393	-0.0001747921534164254	0.0001609890186293909
288.19676578586325	-6.297602182969708e-05	0.0001609904757976228
288.21933182689463	-0.000144790040303433	0.00016087613661232902
288.2423991726314	0.0002055750367941922	0.00016096848490850177
288.26517515812657	7.88228369609234e-05	0.00016101309591538376
289.0965352663301	0.0003944084049405383	0.00016084931062772422
289.11918435502025	0.0001318801855318963	0.0001608513917309621
289.1418482376889	0.00012440747869368884	0.00016107999738526718
289.1648159018682	-0.000340497850647159	0.00016098101635857707
290.0191364233003	0.00026978212566508564	0.00016100825268590768
290.04169662813047	0.0002921866372102011	0.00016090587691820554
290.06442203674806	0.00018186783061802103	0.00016098844365856874
290.08729587833795	0.0003073164302191955	0.0001610418199703023
290.9189229576437	0.0004224586941043995	0.00016085172756974227
290.94160238930067	0.00012490776966211925	0.00016085212616783043
290.96410414131606	0.00018784359003076734	0.00016109111512471502
290.98693220064297	-8.366299341100447e-05	0.0001609984612533259
291.84126835835605	-7.411677018831497e-05	0.00016096004590402348
291.863946969748	0.00032046418052500414	0.000160902386773491
291.886572120497	0.0003721962070049045	0.00016102842464675696
291.9091720451793	0.0003390903190072514	0.0001610608497119284
292.7637855497777	0.00036819083116901297	0.0001608663114159011
292.786150300459	-9.571179210110525e-05	0.00016105163649402372
292.8090538055999	1.4265943031777084e-05	0.00016103866052888862
293.66350234516733	0.00021873953174167404	0.00016097171680628128
293.6859741687115	0.0003061903301804225	0.00016090245137487122
293.7085789509092	6.110561012673266e-05	0.00016100690373131222
293.7314267462016	0.00021736898334578925	0.00016106901967070448
294.58585599363346	2.8834274899192103e-05	0.00016085044715075808
294.6084090893057	0.00042214727059664003	0.0001611136700015195
294.63099151494816	6.428685803117062e-05	0.000161049155887711
295.4856947672682	8.992839947286058e-05	0.00016097493358459088
295.5079897861374	0.00016277712598611327	0.00016090582708819877
295.53061194072234	-1.1481576667637938e-05	0.00016099694302373365
295.5531648991605	0.00020871123543764192	0.0001610842920883526
296.3856848668587	0.00025973873952800375	0.00016084874825190014
296.40798044436156	0.00015192458694335276	0.00016088577603000915
296.43032687732943	0.00034131908063606	0.0001611505359371121
296.4528053653239	0.0003133028168518237	0.00016105901828796271
297.3078034006776	-4.42624278913506e-05	0.00016097990909884048
297.33022615444884	2.2498291645245416e-05	0.00016091525019384218
297.35259355217613	0.00016719848533608417	0.0001610131312095196
297.3750380100719	0.00018755126772918018	0.00016113426452362355
298.2079052098225	0.00017390275348772022	0.00016084262879396838
298.23005170191357	0.0001298999121999156	0.00016089731000492713
298.25217894720504	0.00037054578360617985	0.0001611510003667681
298.2746805723509	-0.00013148040231236724	0.00016103827162304826
299.1298282749842	0.0001204762994045927	0.00016099763487572146
299.15195818953634	0.000340785992374415	0.00016093573676411726
299.1743182811865	3.448187735888286e-05	0.0001610146760948314
299.1969161884758	3.3295884014017396e-05	0.0001612281625876165
300.02979999016634	0.0004302182901123608	0.00016086881288210578
300.0518608759388	-5.038205334950696e-05	0.00016090065843862427
300.0740366368764	0.0003716179662306418	0.00016116036956134478
300.09655392276136	-4.373767867948963e-05	0.00016110817717411571
300.9517166047044	8.770308364958179e-05	0.00016100868136470026
300.97384026407144	0.00035735524171232047	0.00016094104371422173
300.9961925598823	5.439646534033393e-05	0.00016103683664503164
301.0188477101851	0.000502002664298562	0.0001612075695209367
301.8516907038305	0.000305904696824566	0.00016086703912505942
301.87358129935114	0.00016561194133335455	0.00016092270061827097
301.89601567362615	0.0004190027432203758	0.00016118646265496223
301.9184716493387	9.94061244283806e-05	0.00016121626664009281
302.7736268180721	-0.00021545206123774197	0.00016100015766176985
302.79573070689867	0.00026728618880844657	0.00016094594895127003
302.8180946775724	-3.605628014846651e-05	0.00016108438893491515
302.84041912654357	6.119742408328133e-05	0.0001611188325179604
303.6733943815945	0.00028981749321332906	0.0001608746711220176
303.69554295572664	0.00020980394822500692	0.00016093727357400492
303.7176568663624	0.0004233062711495039	0.00016120391722319262
303.74030240407365	1.8802090955838402e-05	0.00016115726180384885
304.59521721552164	0.00019695424938936945	0.00016102600912354414
304.6174951382495	0.00018105156065884032	0.00016093821196100193
304.6398728998961	7.609370724759312e-05	0.00016118592597835573
304.6621550465902	-0.00011061184278604586	0.00016108465099889252
305.49516643400494	0.0002657794440321659	0.00016087915623612544
305.51711415568275	0.0003433213455147355	0.00016095759209225206
305.5393980351291	0.00023086976638131418	0.00016124144605121054
305.561935744076	9.277853419753512e-06	0.00016109990372879113
306.41701837440667	1.7639021559934243e-05	0.00016101376558842235
306.4392358940538	0.00015973094633325857	0.0001609530947557892
306.46148247223164	0.00028802963336960197	0.00016115430135829546
306.48386731495157	0.00020215549763347163	0.00016109419931806306
307.31674807104235	9.701888693225413e-05	0.00016087787278217276
307.3389522749037	0.00036700855498428275	0.00016097385019692834
307.3611633768403	0.000682122795351181	0.00016137452517967488
307.3837509862201	7.181781044385271e-05	0.0001610899985690699
308.23851553696227	-0.0002445116661652369	0.00016099547878332333
308.2607494452652	0.0005357212422578694	0.00016102890220361443
308.28314445315846	0.0003690529418975963	0.00016110725013579013
308.305780568362	0.00015660853863397328	0.00016108091039480994
309.13836926824985	2.170725847883137e-05	0.00016088245013621416
309.16035215609145	-1.8708773984577043e-05	0.0001609667523812928
309.1828081138867	0.00037601201757542224	0.00016129612641877381
309.2053583904849	-7.854971013476764e-05	0.000161070419611119
310.0600373925755	-2.8046996678465774e-06	0.00016102526946969954
310.082248624301	0.00042354726672311216	0.00016108492301457323
310.1050173235881	-2.6505229731466073e-05	0.0001610601415104305
310.12737060778954	0.0004171364548257728	0.00016109548894999588
310.9596758199325	0.0006114323582242509	0.000160929238233721
310.98195289957494	0.0001901293945957283	0.00016103651606670893
311.00444997877366	0.00013174106160285248	0.00016123534126320102
311.02697623446875	5.826927153007588e-07	0.00016105919787657875
311.88160770502077	3.679559082114814e-05	0.00016104176371491832
311.9039318599614	0.0003338964955189594	0.00016103673774021956
311.9266499765349	0.00037970988911673054	0.00016108719110311968
311.94924669637294	0.0004999010322601638	0.00016109750781136484
312.781114154219	0.0002645187803540505	0.00016090858727028896
312.8035704128988	-7.402125559508033e-05	0.000161058325873322
312.82596520680386	0.00036974551199309147	0.00016123922870416358
312.848643455864	-7.858749436207013e-05	0.0001610533313926739
313.7029531041744	0.0002756099691432201	0.00016109197266386268
313.72552181395827	0.000610070773580329	0.00016101354854662273
313.74805176938753	-8.068103618519284e-05	0.00016103688927034994
313.7708798263111	1.4410484771354426e-05	0.0001610741641734068
314.6025307851882	0.00048158979703449845	0.00016092838122704726
314.6248921605297	0.00010208189616667251	0.00016102417044284347
314.64767410335753	8.000035417621287e-05	0.000161205521273399
314.6705100891968	-6.887027698687653e-06	0.00016104649408692863
315.524290526611	-1.6385089595671865e-05	0.00016107714837163898
315.5469465194876	0.00011372288268707287	0.00016096133913315642
315.5696734697681	0.00016824236801671333	0.00016105575694160814
315.5927350064803	0.00023860070392922594	0.0001610893519827461
316.42401232221073	0.00010717891209088837	0.00016090849338839887
316.44641176828486	6.239551100406526e-05	0.00016100183333602163
316.4691414750862	0.0005566676361005163	0.00016123929954511474
316.4919084702815	9.322045810133961e-05	0.00016106779915586524
317.3456437950905	-0.00012928105046849936	0.00016103847256467962
317.3684614071192	-4.809139588601852e-05	0.00016093595982938304
317.3913447172781	0.00020070993147647265	0.0001610480229270906
317.41438489588427	0.000450175011911913	0.00016131018443623022
318.24500411666816	3.043177215100723e-05	0.00016090248861936343
318.26767589179167	0.0007955417803653386	0.00016104966791003885
318.29070658650994	6.0588997077615225e-05	0.00016120240196214742
318.31379154194883	0.00025117605482516403	0.00016108445219257912
319.16694670551215	5.3593832388343365e-05	0.0001610333835827947
319.1898440432069	0.00023494659072476054	0.00016094475311552382
319.21295390730256	4.896689849609448e-05	0.00016104560975534172
319.2362442454155	0.0004900010019233125	0.00016226145938656232
320.0663292522259	0.00019672389892200215	0.00016090894962297774
320.0891185870703	0.00042042861664248754	0.00016101980701767188
320.11230175875335	0.00028290863068658467	0.00016120933588063366
320.13540682975827	5.8609229834138965e-05	0.00016121237065743399
320.9883068450539	7.08071939093946e-05	0.0001610246551111925
321.01135434820003	0.0004750933262520629	0.0001609593234855502
321.0348045783626	0.0002645303201651572	0.0001610668538497624
321.05813620578783	0.00014130550930602226	0.0001643190726394766
321.88741605703353	0.00021972469946929252	0.00016091362997254862
321.910665150092	0.00015381781381318405	0.00016099151679208369
321.933892443403	0.0004286198794761775	0.00016123217810970616
321.95728910467915	0.00010209160181795518	0.0001620509982461579
322.8097988366899	0.0006437111718885502	0.0001610791650973434
322.83286180536356	0.00019393933556788312	0.00016093224377595718
322.85635840337363	0.00037591327227048943	0.00016117960363061363
322.87976705478013	0.0005341827564451229	0.00016393576908768214
323.7087877640712	0.00038348812079913586	0.0001609359902605331
323.7319227582532	0.00013369636092352977	0.00016099940770329774
323.7552937896505	0.0003956219270524475	0.00016123335948800855
323.778970898265	-0.00014327304087735637	0.0001640533443943093
324.63102681343014	0.00027532522243889357	0.00016104810386671046
324.65425597738067	0.00015245261967511414	0.00016093248878648562
324.67806836383534	0.0008663861743858359	0.00016195999281186146
324.7018937662883	0.0007528864318890882	0.00016411970912332463
325.5299546113701	0.00017108772471752243	0.00016091743752551325
325.55321961961477	0.0002851818014203422	0.00016100214853983819
325.57704480159055	0.00033749786655445924	0.00016130115552316396
325.60081631445337	0.0005397003379430387	0.00016387817343581481
326.4523642839621	0.0004513817575303447	0.00016106111441370545
326.4759161526331	0.0005907702300338435	0.0001609711097679363
326.49995342563216	0.0003620158872110757	0.00016378857852581696
326.5237937746642	0.0004359322133251631	0.00016432168789329502
327.3512774286305	5.227133228746794e-05	0.00016092091987057974
327.374845754842	8.302897469492088e-05	0.00016100094670789885
327.39884553458205	0.00027290743911312365	0.00016195139417282155
327.4227440120826	0.000551188866728225	0.00016396925017450053
328.2736948883264	0.0002676570876486428	0.00016104042528965293
328.29770895164734	0.0002567585703980857	0.00016098391855182132
328.321754696502	0.0006989044723941795	0.00016375729348461145
328.3458253806275	0.0006382383064222896	0.00016342938773754778
329.1725234131365	0.00034379679032592314	0.00016093965586640735
329.1965641351992	0.0002243394066182569	0.00016101743488416406
329.22053824809313	0.0003660751591494371	0.00016368740121014226
329.2447667104134	0.0004253040973343225	0.00016421516007993834
330.0951874331096	-8.827158935298396e-05	0.00016102531212395572
330.119235975262	0.0004713405257973369	0.000161589210832038
330.1436430583608	0.0003228719665417934	0.0001637635694184878
330.16800074839557	0.0003166309404341039	0.00016175655771189055
330.9938494597051	0.0005226749212929871	0.00016095203421055847
331.0178648107849	0.0001677938983476457	0.00016105016736468538
331.04230219336296	0.0005309085248677015	0.00016370220125887415
331.06684465972785	0.0005101237184401697	0.00016342250375887032
331.9167732114802	0.00032849181680960626	0.000161079179950225
331.94104035647183	0.0010554180979609473	0.000163239126573385
331.9655046175171	0.0006854242489746643	0.0001640602041296513
331.9901570577804	0.0005502369652654604	0.0001611896558466621
332.81503818378934	0.0003455802022858112	0.00016095467400003446
332.8396211214292	8.121735481869674e-05	0.00016158044678616995
332.86428890953425	0.0007164209913481656	0.000163721292135162
332.8890104826928	-2.0333040350761777e-05	0.00016173471764413413
333.73827780696934	0.00019072552009369304	0.00016105937887104903
333.76273049684323	0.0007580100616458862	0.00016314811868679672
333.78784318145745	0.0004067275130150705	0.00016328572991814065
333.81266146211374	0.00018668807114508024	0.00016106945904423067
334.63665590730443	0.0001517497257521594	0.00016093205531973195
334.66138124350323	0.0010568284116900806	0.0001631057503082542
334.6864647436498	0.0005567381077423716	0.00016398160709932166
334.71132948398963	-9.077406775115371e-05	0.00016111441052657523
335.5599855094571	0.00023062309584043206	0.00016155498744528394
335.5847963595986	0.0006626617694210912	0.00016316212580787587
335.6099068113731	0.0006232707964970441	0.000161704108526223
335.635039535764	0.00023492338661590395	0.00016107165470124544
336.4583742835396	0.0002886751801314258	0.0001609595810671953
336.48336399471236	0.0004588350573294653	0.00016290633285275265
336.50850963447806	0.0006059027019037488	0.00016323292050093212
336.5337302100802	-6.948495346847938e-05	0.00016104516295891097
337.38185962568446	0.0006040189745845082	0.00016283501084996685
337.4069452388362	0.0007599283277048841	0.00016345073714201213
337.43222374730885	0.0003196244068597309	0.0001611178679455221
337.45774536289355	5.6336334822826295e-05	0.00016105897702020823
338.2800445112097	0.0005640608515216083	0.00016143819326394995
338.30526064603305	0.0007927872977594452	0.00016301400273109813
338.33076994825547	6.164087358140335e-05	0.00016172659498652866
338.35629595023465	-0.00012026825480526693	0.00016104382898199772
339.203710065373	0.0009614000022775127	0.00016265227649579197
339.2291828047262	0.0004171106248784806	0.00016254422094296583
339.2549579639053	0.00018310797915088717	0.00016104892082396968
339.2805368494637	0.0004074293149822772	0.00016108760787374667
340.1018180859829	0.0010231097899717767	0.00016247908608281862
340.1274821636796	0.0011351289109192697	0.0001633312802334578
340.15324654829124	0.00012044989321402522	0.0001612658073454734
340.17897331660606	-0.0001606304298112926	0.000161038285418358
341.02574091727286	0.0007930008072853933	0.00016279201561206528
341.05144252637024	0.0004105551390038986	0.00016127781128526456
341.0776462981644	0.0004799372128996282	0.00016107446530926823
341.1034685467912	4.887508843764987e-05	0.0001610620712521905
341.9237865305629	0.0009461762257532147	0.0001622170413376295
341.9498147067493	0.0003036393934170434	0.0001621971107850886
341.9758130782741	0.00026636435839944017	0.00016125036387867222
342.00192865322833	0.00013402125446904112	0.00016106360330572504
342.8479596455279	0.0011026863058616332	0.00016295318126164566
342.8740778194558	0.0002948081224158905	0.0001609437482305731
342.900173966234	0.0002916851654617414	0.0001610616112078048
342.9266883175924	-9.916509455398792e-05	0.00016104917506330407
343.7459164643481	0.0009519251493317338	0.0001624741387169756
343.772364372496	0.0004286543169421675	0.00016123357200211586
343.7984222569885	-6.230888766523002e-05	0.00016121783394928746
343.8251018926685	-0.0001970338590046028	0.0001610441693238346
344.6702564851428	0.0007442574918420375	0.0001617325580444645
344.6965942247364	0.0005250876653642989	0.00016096066113821192
344.7232695010189	0.0001913289956321229	0.00016105337078218496
344.7500167194107	-1.1083553790536271e-05	0.0001610527237565471
345.5682085451593	0.0009161218185331776	0.00016229390726526052
345.6216268464648	0.00035097032096365055	0.00016119682461987727
345.648296170144	2.7495985938985612e-05	0.00016104993962106433
346.4928079869011	0.00012756648571510265	0.00016105550921256446
346.51952545321797	0.0001622182629790192	0.00016093119747713592
346.5463702112788	0.00015942426258663822	0.00016104940090558374
346.5734307308562	3.871023809376428e-05	0.00016105847255154136
347.3909293396633	0.00048149608739822547	0.0001612249497613681
347.417780459838	-3.045410817181793e-05	0.00016102944326893906
347.44475594718506	0.00012182104036095875	0.0001612333175319301
347.47186111658857	5.815082746774003e-06	0.00016104830201988282
348.3157318623662	-0.00012865301081665947	0.00016099033684141136
348.3427492488479	0.00020687827379206603	0.00016090798421781002
348.37029233623844	0.00019670490941492424	0.0001610533574362441
348.39715467828	0.0001494439690298277	0.00016106781735047344
349.2136363132685	0.00019630619718813413	0.0001609578953446707
349.24063909740244	0.0002080011115636049	0.00016103990637948742
349.26804680018427	-0.0003697384834914219	0.00016119379231948648
349.2953579635273	0.00013796526225584582	0.0001610703757200823
350.138588888193	0.00034913780269463235	0.00016100137935358972
350.16604136375076	-4.218574094994043e-05	0.0001608642828910553
350.2211317030087	6.615396721831868e-05	0.00016108364910220394
351.0365973584784	0.00047933123302290603	0.00016097489260386228
351.0639721518796	0.00013688937800693246	0.0001610357647789899
351.091581790243	0.00021578243617248472	0.00016125389220544354
351.11918836359655	-0.00019676688581271584	0.00016105000080225525
351.9619320546898	3.891827999191744e-05	0.0001610113666364969
351.9896109694448	0.0004999813953022736	0.00016092880634418878
352.0173275890861	0.00037019427265305715	0.00016107540752307236
352.0452305635904	0.00019405550585216425	0.00016107676502678486
352.85983450499435	0.00013700880530576054	0.00016094747278860025
352.88746813824173	-6.352202127524187e-05	0.00016103201762470709
352.9155080260937	-6.510097105727475e-06	0.00016124043533068938
352.9434439493184	-7.471629587718631e-05	0.00016105448313637227
353.78518925496553	0.00028055819291872286	0.00016102573484751357
353.81336916685973	0.0001752087956519155	0.00016089998226133978
353.8414170318665	0.0002913522872762808	0.00016106439584743473
353.8696758685278	7.598589707191739e-05	0.0001610632448696757
354.6831670555033	0.00022885182331355836	0.0001609504859246173
354.7113631309476	5.413969581424816e-06	0.00016103923213155462
354.7395067897196	3.872073694277667e-05	0.0001612505638967347
354.76787003309846	1.3943335826938075e-05	0.00016106048203020328
355.60901797774216	0.0002580602069651716	0.0001610281155140892
355.6373862207754	0.00023934604409225901	0.00016090925515858996
355.6660130520504	0.0005002426474296495	0.00016108398531509684
355.6941450142049	2.9910510351283115e-05	0.0001610624902758188
356.5067907143509	0.0003776740533316669	0.00016096316598250885
356.53524629663866	0.0001637237760652166	0.0001610553605764547
356.5639732972704	0.0002225026616691217	0.00016127529925448854
356.59256371120546	0.00013491857158209886	0.0001610700420007876
357.43300272612885	3.5975016086764455e-05	0.00016100188300720997
357.4617622700898	-9.947700051426978e-05	0.00016088200331701978
357.49031341368936	0.000188250877995344	0.00016106067528348135
357.5191914640436	0.00028601242205472666	0.00016108356671749866
358.33081059664	0.0004757708063263255	0.00016097546235054625
358.3595975410467	0.00010797450629229655	0.00016105891742503105
358.3884756633845	-0.00018313485432419618	0.00016125609343891183
358.4173677836211	-0.00017701593486529887	0.000161052927834785
359.25728603828816	0.00023406536142156487	0.0001610309879358696
359.28624105390327	0.0003662757826219387	0.00016092788950275924
359.3153775042929	0.0003996095409699585	0.00016108935057902073
359.34425223702374	7.604110888581594e-05	0.0001610813862258925
